   0.000000000000000        80.350879321942045
   2.000000000000000        80.350370027199233
   4.000000000000000        80.349787639470676
   6.000000000000000        80.349173288106059
   8.000000000000000        80.348454108692167
  10.000000000000000        80.347449215115645
  12.000000000000000        80.345866744750225
  14.000000000000000        80.343478509586078
  16.000000000000000        80.340075431364184
  18.000000000000000        80.335481079733029
  20.000000000000000        80.329705209769926
  22.000000000000000        80.322655416497241
  24.000000000000000        80.314409331535131
  26.000000000000000        80.304993023005323
  28.000000000000000        80.294477299390806
  30.000000000000000        80.282914771724720
  32.000000000000000        80.270375736701240
  34.000000000000000        80.256914819602954
  36.000000000000000        80.242582729052671
  38.000000000000000        80.227425882937965
  40.000000000000000        80.211458300586600
  42.000000000000000        80.194713391377192
  44.000000000000000        80.177193917966761
  46.000000000000000        80.158944641911503
  48.000000000000000        80.139932804328922
  50.000000000000000        80.120223507149589
  52.000000000000000        80.099771283522173
  54.000000000000000        80.078612197022778
  56.000000000000000        80.056736400746999
  58.000000000000000        80.034165512594157
  60.000000000000000        80.010903524768437
  62.000000000000000        79.986956379562983
  64.000000000000000        79.962350713571340
  66.000000000000000        79.937094846265808
  68.000000000000000        79.911196211113648
  70.000000000000000        79.884679875423686
  72.000000000000000        79.857564238655442
  74.000000000000000        79.829863264540464
  76.000000000000000        79.801589760367278
  78.000000000000000        79.772765939159981
  80.000000000000000        79.743438075070415
  82.000000000000000        79.713583702372233
  84.000000000000000        79.683251658748731
  86.000000000000000        79.652445105640339
  88.000000000000000        79.621198531726577
  90.000000000000000        79.589523601282337
  92.000000000000000        79.557444587336178
  94.000000000000000        79.524983454753496
  96.000000000000000        79.492147061696315
  98.000000000000000        79.458953871497201
 100.000000000000000        79.425435586442617
 102.000000000000000        79.391572923915774
 104.000000000000000        79.357424730694802
 106.000000000000000        79.323001993274019
 108.000000000000000        79.288285336571420
 110.000000000000000        79.253320459252848
 112.000000000000000        79.218099036207818
 114.000000000000000        79.182650196800594
 116.000000000000000        79.146995820657153
 118.000000000000000        79.111106288676609
 120.000000000000000        79.075043414759563
 122.000000000000000        79.038789923785714
 124.000000000000000        79.002360587535875
 126.000000000000000        78.965739448445888
 128.000000000000000        78.929009326270403
 130.000000000000000        78.892086479713839
 132.000000000000000        78.855051979144605
 134.000000000000000        78.817883777959096
 136.000000000000000        78.780572838790576
 138.000000000000000        78.743143128691244
 140.000000000000000        78.705627210990528
 142.000000000000000        78.668003097706702
 144.000000000000000        78.630276681538476
 146.000000000000000        78.592448677301107
 148.000000000000000        78.554531999322762
 150.000000000000000        78.516555499348570
 152.000000000000000        78.478481738111412
 154.000000000000000        78.440358097177437
 156.000000000000000        78.402157900257009
 158.000000000000000        78.363902552524195
 160.000000000000000        78.325576152009532
 162.000000000000000        78.287205837673042
 164.000000000000000        78.248786330239923
 166.000000000000000        78.210314231910232
 168.000000000000000        78.171788734223369
 170.000000000000000        78.133245346781365
 172.000000000000000        78.094638634301873
 174.000000000000000        78.056002548678890
 176.000000000000000        78.017340269514420
 178.000000000000000        77.978667425344412
 180.000000000000000        77.939937098470779
 182.000000000000000        77.901185898399291
 184.000000000000000        77.862419815252295
 186.000000000000000        77.823650931806284
 188.000000000000000        77.784848497814863
 190.000000000000000        77.746027610067017
 192.000000000000000        77.707195850365565
 194.000000000000000        77.668347971454779
 196.000000000000000        77.629482015107868
 198.000000000000000        77.590625782835076
 200.000000000000000        77.551725869203239
 202.000000000000000        77.512876324502059
 204.000000000000000        77.473963710703416
 206.000000000000000        77.435084688323130
 208.000000000000000        77.396199235664284
 210.000000000000000        77.357285825935080
 212.000000000000000        77.318378787426226
 214.000000000000000        77.279487787268209
 216.000000000000000        77.240595326126098
 218.000000000000000        77.201697793834953
 220.000000000000000        77.162802579891789
 222.000000000000000        77.123929706053943
 224.000000000000000        77.085051514023903
 226.000000000000000        77.046193558184910
 228.000000000000000        77.007280942777328
 230.000000000000000        76.968430007851865
 232.000000000000000        76.929596842956485
 234.000000000000000        76.890736151551508
 236.000000000000000        76.851897730121308
 238.000000000000000        76.813098464732775
 240.000000000000000        76.774261300912286
 242.000000000000000        76.735464506652747
 244.000000000000000        76.696664913739880
 246.000000000000000        76.657876826043577
 248.000000000000000        76.619088043372258
 250.000000000000000        76.580343534819448
 252.000000000000000        76.541585813063563
 254.000000000000000        76.502878266483222
 256.000000000000000        76.464148857732951
 258.000000000000000        76.425467417924054
 260.000000000000000        76.386771703906433
 262.000000000000000        76.348081465291045
 264.000000000000000        76.309411502032262
 266.000000000000000        76.270770591200829
 268.000000000000000        76.232146989866862
 270.000000000000000        76.193547648652668
 272.000000000000000        76.154927444586676
 274.000000000000000        76.116342237872772
 276.000000000000000        76.077792343318379
 278.000000000000000        76.039247261954685
 280.000000000000000        76.000705941328860
 282.000000000000000        75.962208306382323
 284.000000000000000        75.923718170446065
 286.000000000000000        75.885210933491109
 288.000000000000000        75.846767834915070
 290.000000000000000        75.808307657622919
 292.000000000000000        75.769887355978227
 294.000000000000000        75.731491724326816
 296.000000000000000        75.693093369784634
 298.000000000000000        75.654724351554037
 300.000000000000000        75.616362827551413
 302.000000000000000        75.578019515596665
 304.000000000000000        75.539708412284170
 306.000000000000000        75.501435517329725
 308.000000000000000        75.463088550352154
 310.000000000000000        75.424860333531356
 312.000000000000000        75.386626879303691
 314.000000000000000        75.348381258706823
 316.000000000000000        75.310175781761785
 318.000000000000000        75.271999827725409
 320.000000000000000        75.233827758014741
 322.000000000000000        75.195657290836692
 324.000000000000000        75.157527728262181
 326.000000000000000        75.119424428384661
 328.000000000000000        75.081319348280601
 330.000000000000000        75.043242781524995
 332.000000000000000        75.005195527740824
 334.000000000000000        74.967138340468850
 336.000000000000000        74.929136348278405
 338.000000000000000        74.891121641994729
 340.000000000000000        74.853137222535281
 342.000000000000000        74.815163102321307
 344.000000000000000        74.777233090917420
 346.000000000000000        74.739294400986267
 348.000000000000000        74.701384412933621
 350.000000000000000        74.663517789402462
 352.000000000000000        74.625631594310391
 354.000000000000000        74.587754629822612
 356.000000000000000        74.549932884948561
 358.000000000000000        74.512130357830216
 360.000000000000000        74.474288881074273
 362.000000000000000        74.436563689303824
 364.000000000000000        74.398769247406165
 366.000000000000000        74.361020537928553
 368.000000000000000        74.323317092411571
 370.000000000000000        74.285573606054214
 372.000000000000000        74.247864030581582
 374.000000000000000        74.210212413640278
 376.000000000000000        74.172546719243485
 378.000000000000000        74.134902720799403
 380.000000000000000        74.097311938926481
 382.000000000000000        74.059691473210819
 384.000000000000000        74.022129046219149
 386.000000000000000        73.984548239104313
 388.000000000000000        73.946973491229230
 390.000000000000000        73.909456368993901
 392.000000000000000        73.871906920004022
 394.000000000000000        73.834404624771253
 396.000000000000000        73.796944423682362
 398.000000000000000        73.759469510182484
 400.000000000000000        73.722006102730504
 402.000000000000000        73.684577616385440
 404.000000000000000        73.647166750338513
 406.000000000000000        73.609738961121991
 408.000000000000000        73.572399868008048
 410.000000000000000        73.535011257899285
 412.000000000000000        73.497660417612394
 414.000000000000000        73.460307613720545
 416.000000000000000        73.423001180962402
 418.000000000000000        73.385691161306355
 420.000000000000000        73.348423565472785
 422.000000000000000        73.311130245722524
 424.000000000000000        73.273876619241605
 426.000000000000000        73.236632105747347
 428.000000000000000        73.199428668027849
 430.000000000000000        73.162179439573222
 432.000000000000000        73.125027462135606
 434.000000000000000        73.087836541951091
 436.000000000000000        73.050681507572406
 438.000000000000000        73.013539425881589
 440.000000000000000        72.976358541356674
 442.000000000000000        72.939251019968268
 444.000000000000000        72.902192272725301
 446.000000000000000        72.865049099156209
 448.000000000000000        72.827984714106208
 450.000000000000000        72.790901516957476
 452.000000000000000        72.753865553769245
 454.000000000000000        72.716832731169234
 456.000000000000000        72.679822083955330
 458.000000000000000        72.642815735751540
 460.000000000000000        72.605805842141251
 462.000000000000000        72.568835854371841
 464.000000000000000        72.531863719058450
 466.000000000000000        72.494969786728902
 468.000000000000000        72.457997175340012
 470.000000000000000        72.421074039094634
 472.000000000000000        72.384152528745432
 474.000000000000000        72.347237161149067
 476.000000000000000        72.310353229290499
 478.000000000000000        72.273506235986687
 480.000000000000000        72.236639010845096
 482.000000000000000        72.199825212890261
 484.000000000000000        72.162988355911793
 486.000000000000000        72.126161250518564
 488.000000000000000        72.089338268951920
 490.000000000000000        72.052568771402548
 492.000000000000000        72.015788088284140
 494.000000000000000        71.978973910688893
 496.000000000000000        71.942177935674422
 498.000000000000000        71.905452957512921
 500.000000000000000        71.868760522913888
 502.000000000000000        71.832019878381743
 504.000000000000000        71.795304016475967
 506.000000000000000        71.758589818620720
 508.000000000000000        71.721909324337730
 510.000000000000000        71.685229737717663
 512.000000000000000        71.648569418074800
 514.000000000000000        71.611890648179269
 516.000000000000000        71.575220771876602
 518.000000000000000        71.538602632290903
 520.000000000000000        71.501958142688892
 522.000000000000000        71.465359095320395
 524.000000000000000        71.428824424150676
 526.000000000000000        71.392190085738036
 528.000000000000000        71.355607029757692
 530.000000000000000        71.319051557246937
 532.000000000000000        71.282497889728788
 534.000000000000000        71.245965379948672
 536.000000000000000        71.209401605444157
 538.000000000000000        71.172885479643213
 540.000000000000000        71.136333316950200
 542.000000000000000        71.099843511320913
 544.000000000000000        71.063320851272181
 546.000000000000000        71.026863158706263
 548.000000000000000        70.990341600897509
 550.000000000000000        70.953905821990418
 552.000000000000000        70.917454352067139
 554.000000000000000        70.880972490042765
 556.000000000000000        70.844554219394269
 558.000000000000000        70.808119217224387
 560.000000000000000        70.771652903792727
 562.000000000000000        70.735264468128364
 564.000000000000000        70.698870742240757
 566.000000000000000        70.662444947837045
 568.000000000000000        70.626057627210997
 570.000000000000000        70.589658891898694
 572.000000000000000        70.553304755346346
 574.000000000000000        70.516918827331182
 576.000000000000000        70.480603745575266
 578.000000000000000        70.444250818847394
 580.000000000000000        70.407896119482700
 582.000000000000000        70.371588213892011
 584.000000000000000        70.335258268528534
 586.000000000000000        70.298892727197227
 588.000000000000000        70.262603684348647
 590.000000000000000        70.226303094099706
 592.000000000000000        70.190000402490284
 594.000000000000000        70.153708925354294
 596.000000000000000        70.117435860041923
 598.000000000000000        70.081140371640089
 600.000000000000000        70.044895611509375
 602.000000000000000        70.008646724304569
 604.000000000000000        69.972346613201978
 606.000000000000000        69.936154691700224
 608.000000000000000        69.899907157382117
 610.000000000000000        69.863654883654547
 612.000000000000000        69.827507223469965
 614.000000000000000        69.791246065553182
 616.000000000000000        69.755006521830495
 618.000000000000000        69.718827305284691
 620.000000000000000        69.682611568968213
 622.000000000000000        69.646413372854141
 624.000000000000000        69.610293216468975
 626.000000000000000        69.574083431355149
 628.000000000000000        69.537862062914101
 630.000000000000000        69.501737688021763
 632.000000000000000        69.465541675616748
 634.000000000000000        69.429422557262839
 636.000000000000000        69.393279712628143
 638.000000000000000        69.357144597515585
 640.000000000000000        69.320960710813409
 642.000000000000000        69.284801390538519
 644.000000000000000        69.248689269570292
 646.000000000000000        69.212560381065174
 648.000000000000000        69.176453371421175
 650.000000000000000        69.140351411589251
 652.000000000000000        69.104275606144071
 654.000000000000000        69.068135282314159
 656.000000000000000        69.032046646775512
 658.000000000000000        68.995944046234769
 660.000000000000000        68.959875059685629
 662.000000000000000        68.923820175841698
 664.000000000000000        68.887716827825329
 666.000000000000000        68.851675384362494
 668.000000000000000        68.815569886993799
 670.000000000000000        68.779501674813744
 672.000000000000000        68.743450167667788
 674.000000000000000        68.707402154781249
 676.000000000000000        68.671341573253017
 678.000000000000000        68.635306613150604
 680.000000000000000        68.599238400683575
 682.000000000000000        68.563233573722187
 684.000000000000000        68.527097317438830
 686.000000000000000        68.491143653127892
 688.000000000000000        68.455102603767614
 690.000000000000000        68.419107224548199
 692.000000000000000        68.383113666581764
 694.000000000000000        68.347074146653981
 696.000000000000000        68.311060637325042
 698.000000000000000        68.275052650153839
 700.000000000000000        68.239027405224093
 702.000000000000000        68.203005863253040
 704.000000000000000        68.167057945449642
 706.000000000000000        68.131085875087550
 708.000000000000000        68.095022864067019
 710.000000000000000        68.059020313873773
 712.000000000000000        68.023114785547236
 714.000000000000000        67.987115391038401
 716.000000000000000        67.951099871055689
 718.000000000000000        67.915146328056366
 720.000000000000000        67.879166180166877
 722.000000000000000        67.843235560756270
 724.000000000000000        67.807257913356494
 726.000000000000000        67.771266005143943
 728.000000000000000        67.735306860426050
 730.000000000000000        67.699398063488189
 732.000000000000000        67.663401904752632
 734.000000000000000        67.627390600070697
 736.000000000000000        67.591470279319950
 738.000000000000000        67.555480095663356
 740.000000000000000        67.519582693528804
 742.000000000000000        67.483659570449475
 744.000000000000000        67.447717121565859
 746.000000000000000        67.411741336487097
 748.000000000000000        67.375791555193260
 750.000000000000000        67.339836582121976
 752.000000000000000        67.303921822283229
 754.000000000000000        67.267977406739647
 756.000000000000000        67.232032978019390
 758.000000000000000        67.196166639520996
 760.000000000000000        67.160189685963488
 762.000000000000000        67.124286773083924
 764.000000000000000        67.088340448443589
 766.000000000000000        67.052419417950532
 768.000000000000000        67.016499935181926
 770.000000000000000        66.980571448872581
 772.000000000000000        66.944602967391788
 774.000000000000000        66.908703234092997
 776.000000000000000        66.872807575672354
 778.000000000000000        66.836878482057102
 780.000000000000000        66.800973962203699
 782.000000000000000        66.765055492688475
 784.000000000000000        66.729144055486472
 786.000000000000000        66.693199892522685
 788.000000000000000        66.657355219427075
 790.000000000000000        66.621462712787277
 792.000000000000000        66.585476003722704
 794.000000000000000        66.549541609660778
 796.000000000000000        66.513641743214990
 798.000000000000000        66.477700065740706
