   0.000000000000000    0.000000000000000
   2.000000000000000   -0.000000000954206
   4.000000000000000    0.004180561620408
   6.000000000000000    0.019660064774456
   8.000000000000000    0.061476098811206
  10.000000000000000    0.161528038392477
  12.000000000000000    0.363942873357097
  14.000000000000000    0.713045726395827
  16.000000000000000    1.244048199483809
  18.000000000000000    1.978970793951292
  20.000000000000000    2.926577667062842
  22.000000000000000    4.084411542406007
  24.000000000000000    5.441569349587228
  26.000000000000000    6.981481115161822
  28.000000000000000    8.684341699402895
  30.000000000000000   10.529053016468714
  32.000000000000000   12.494651448924156
  34.000000000000000   14.561261399667238
  36.000000000000000   16.710653130929266
  38.000000000000000   18.926497454148592
  40.000000000000000   21.194403452745661
  42.000000000000000   23.501822764347740
  44.000000000000000   25.837875048512014
  46.000000000000000   28.193143630167999
  48.000000000000000   30.559468208279654
  50.000000000000000   32.929753987571125
  52.000000000000000   35.297805252939384
  54.000000000000000   37.658183712482717
  56.000000000000000   40.006097822227176
  58.000000000000000   42.337312591086814
  60.000000000000000   44.648079432347423
  62.000000000000000   46.935082257367775
  64.000000000000000   49.195396908713356
  66.000000000000000   51.426457904700115
  68.000000000000000   53.626031018434340
  70.000000000000000   55.792191306370960
  72.000000000000000   57.923305177521911
  74.000000000000000   60.018011735692099
  76.000000000000000   62.075204312274238
  78.000000000000000   64.094015219421934
  80.000000000000000   66.073801361077969
  82.000000000000000   68.014124527471651
  84.000000000000000   69.914736458984493
  86.000000000000000   71.775563223252107
  88.000000000000000   73.596689153709875
  90.000000000000000   75.378340736380949
  92.000000000000000   77.120872026172407
  94.000000000000000   78.824749905375057
  96.000000000000000   80.490539566404408
  98.000000000000000   82.118891610024605
 100.000000000000000   83.710530309690313
 102.000000000000000   85.266240397905534
 104.000000000000000   86.786857766921784
 106.000000000000000   88.273259020119951
 108.000000000000000   89.726351573473465
 110.000000000000000   91.147066784971955
 112.000000000000000   92.536351190073134
 114.000000000000000   93.895161016432681
 116.000000000000000   95.224455036917973
 118.000000000000000   96.525190168065279
 120.000000000000000   97.798317470903442
 122.000000000000000   99.044775662085186
 124.000000000000000  100.265490091487948
 126.000000000000000  101.461371462515146
 128.000000000000000  102.633307927461701
 130.000000000000000  103.782166267992480
 132.000000000000000  104.908794704659726
 134.000000000000000  106.014011752661730
 136.000000000000000  107.098613152701390
 138.000000000000000  108.163371898313969
 140.000000000000000  109.209030383876510
 142.000000000000000  110.236304286829537
 144.000000000000000  111.245885981055409
 146.000000000000000  112.238440504573902
 148.000000000000000  113.214608118044879
 150.000000000000000  114.174998797193084
 152.000000000000000  115.120201180901134
 154.000000000000000  116.050780258926096
 156.000000000000000  116.967272401382999
 158.000000000000000  117.870193882614700
 160.000000000000000  118.760038193815959
 162.000000000000000  119.637277899647472
 164.000000000000000  120.502360763558556
 166.000000000000000  121.355714192105637
 168.000000000000000  122.197753772068225
 170.000000000000000  123.028866950307915
 172.000000000000000  123.849423835898165
 174.000000000000000  124.659786393435112
 176.000000000000000  125.460291312322340
 178.000000000000000  126.251256291097818
 180.000000000000000  127.032992803041282
 182.000000000000000  127.805798779091504
 184.000000000000000  128.569951006082391
 186.000000000000000  129.325712890675447
 188.000000000000000  130.073337548753869
 190.000000000000000  130.813071846722323
 192.000000000000000  131.545144028916809
 194.000000000000000  132.269774031341768
 196.000000000000000  132.987175386643571
 198.000000000000000  133.697539765724883
 200.000000000000000  134.401069065512786
 202.000000000000000  135.097935630061926
 204.000000000000000  135.788311939044775
 206.000000000000000  136.472376828952889
 208.000000000000000  137.150269984059605
 210.000000000000000  137.822153848329123
 212.000000000000000  138.488175427102192
 214.000000000000000  139.148465029617682
 216.000000000000000  139.803155083239858
 218.000000000000000  140.452372693332961
 220.000000000000000  141.096240885489721
 222.000000000000000  141.734870350775566
 224.000000000000000  142.368372361821940
 226.000000000000000  142.996842867471088
 228.000000000000000  143.620398786733460
 230.000000000000000  144.239143172067969
 232.000000000000000  144.853138257306341
 234.000000000000000  145.462489106152873
 236.000000000000000  146.067290572045891
 238.000000000000000  146.667605008618864
 240.000000000000000  147.263520484833720
 242.000000000000000  147.855114079248096
 244.000000000000000  148.442449922921753
 246.000000000000000  149.025599662782696
 248.000000000000000  149.604639823644391
 250.000000000000000  150.179622329434949
 252.000000000000000  150.750610716505378
 254.000000000000000  151.317665630598441
 256.000000000000000  151.880837402694908
 258.000000000000000  152.440188127775741
 260.000000000000000  152.995763654214841
 262.000000000000000  153.547620174714126
 264.000000000000000  154.095806146183918
 266.000000000000000  154.640374840674923
 268.000000000000000  155.181359904444577
 270.000000000000000  155.718795646412303
 272.000000000000000  156.252744169727862
 274.000000000000000  156.783248434839521
 276.000000000000000  157.310332500011157
 278.000000000000000  157.834034693229825
 280.000000000000000  158.354403109879087
 282.000000000000000  158.871467374906331
 284.000000000000000  159.385247888773165
 286.000000000000000  159.895804445160707
 288.000000000000000  160.403156609918994
 290.000000000000000  160.907328482497860
 292.000000000000000  161.408368102901505
 294.000000000000000  161.906281516922832
 296.000000000000000  162.401110378976227
 298.000000000000000  162.892891018653387
 300.000000000000000  163.381627004666200
 302.000000000000000  163.867363707482298
 304.000000000000000  164.350132122556204
 306.000000000000000  164.829918529325653
 308.000000000000000  165.306794030352734
 310.000000000000000  165.780771308725889
 312.000000000000000  166.251837685367860
 314.000000000000000  166.720049866326747
 316.000000000000000  167.185428751932704
 318.000000000000000  167.647987292063391
 320.000000000000000  168.107736660480526
 322.000000000000000  168.564712950715091
 324.000000000000000  169.018939896488320
 326.000000000000000  169.470415379564514
 328.000000000000000  169.919163383708025
 330.000000000000000  170.365223993388895
 332.000000000000000  170.808594224406761
 334.000000000000000  171.249300454523279
 336.000000000000000  171.687360365493987
 338.000000000000000  172.122780621765429
 340.000000000000000  172.555592689026355
 342.000000000000000  172.985810100056113
 344.000000000000000  173.413443385951211
 346.000000000000000  173.838505853420457
 348.000000000000000  174.261023363675093
 350.000000000000000  174.681009072041661
 352.000000000000000  175.098468593899071
 354.000000000000000  175.513433491865698
 356.000000000000000  175.925913438567818
 358.000000000000000  176.335905037671637
 360.000000000000000  176.743455354378568
 362.000000000000000  177.148554671309910
 364.000000000000000  177.551212299368615
 366.000000000000000  177.951474583898090
 368.000000000000000  178.349319155734406
 370.000000000000000  178.744771285729570
 372.000000000000000  179.137867603617110
 374.000000000000000  179.528593765693159
 376.000000000000000  179.916970129215287
 378.000000000000000  180.303020379095557
 380.000000000000000  180.686740057092550
 382.000000000000000  181.068153629430498
 384.000000000000000  181.447279942961757
 386.000000000000000  181.824114391269063
 388.000000000000000  182.198688423170069
 390.000000000000000  182.570998093959133
 392.000000000000000  182.941065919295227
 394.000000000000000  183.308917053851928
 396.000000000000000  183.674530832100544
 398.000000000000000  184.037942934159304
 400.000000000000000  184.399164491806232
 402.000000000000000  184.758204222953822
 404.000000000000000  185.115075350577825
 406.000000000000000  185.469787659191780
 408.000000000000000  185.822355502089010
 410.000000000000000  186.172790227978879
 412.000000000000000  186.521100193969119
 414.000000000000000  186.867296600931240
 416.000000000000000  187.211414023778559
 418.000000000000000  187.553442624441516
 420.000000000000000  187.893374509597294
 422.000000000000000  188.231256906602226
 424.000000000000000  188.567101198312713
 426.000000000000000  188.900905883378215
 428.000000000000000  189.232666237242881
 430.000000000000000  189.562413322803422
 432.000000000000000  189.890177589194536
 434.000000000000000  190.215933141812656
 436.000000000000000  190.539706030274061
 438.000000000000000  190.861512377984724
 440.000000000000000  191.181367159188767
 442.000000000000000  191.499279541797137
 444.000000000000000  191.815230934321818
 446.000000000000000  192.129268536673322
 448.000000000000000  192.441416830763245
 450.000000000000000  192.751641352209731
 452.000000000000000  193.059973035485484
 454.000000000000000  193.366439191242932
 456.000000000000000  193.671027138161776
 458.000000000000000  193.973754401660045
 460.000000000000000  194.274651240862994
 462.000000000000000  194.573696306114527
 464.000000000000000  194.870919278915494
 466.000000000000000  195.166342610098695
 468.000000000000000  195.459947934554577
 470.000000000000000  195.751764172874857
 472.000000000000000  196.041804874737466
 474.000000000000000  196.330071113440539
 476.000000000000000  196.616579268146381
 478.000000000000000  196.901346452173044
 480.000000000000000  197.184361333786029
 482.000000000000000  197.465641194559282
 484.000000000000000  197.745228144911948
 486.000000000000000  198.023113762536013
 488.000000000000000  198.299285706319125
 490.000000000000000  198.573766836830430
 492.000000000000000  198.846589406081648
 494.000000000000000  199.117744435712950
 496.000000000000000  199.387241964298397
 498.000000000000000  199.655091596410614
 500.000000000000000  199.921307827851223
 502.000000000000000  200.185911674766800
 504.000000000000000  200.448894796197123
 506.000000000000000  200.710278104364363
 508.000000000000000  200.970078727851103
 510.000000000000000  201.228284011387672
 512.000000000000000  201.484908332200803
 514.000000000000000  201.739993308085758
 516.000000000000000  201.993514612678979
 518.000000000000000  202.245499868062439
 520.000000000000000  202.495941517864281
 522.000000000000000  202.744846716285338
 524.000000000000000  202.992269711201232
 526.000000000000000  203.238193829100624
 528.000000000000000  203.482613913431607
 530.000000000000000  203.725532239097248
 532.000000000000000  203.966991095302376
 534.000000000000000  204.207002220454683
 536.000000000000000  204.445544346596137
 538.000000000000000  204.682634608831080
 540.000000000000000  204.918297617977998
 542.000000000000000  205.152535027031917
 544.000000000000000  205.385359324566338
 546.000000000000000  205.616772041680349
 548.000000000000000  205.846773569194113
 550.000000000000000  206.075410034387886
 552.000000000000000  206.302667020515628
 554.000000000000000  206.528543198098390
 556.000000000000000  206.753047303021390
 558.000000000000000  206.976240036272628
 560.000000000000000  207.198052718459650
 562.000000000000000  207.418504234768307
 564.000000000000000  207.637712724712060
 566.000000000000000  207.855555022705715
 568.000000000000000  208.072085043189986
 570.000000000000000  208.287328055159236
 572.000000000000000  208.501292518297419
 574.000000000000000  208.713963989448189
 576.000000000000000  208.925336688107649
 578.000000000000000  209.135509342521658
 580.000000000000000  209.344399074033049
 582.000000000000000  209.552017476137962
 584.000000000000000  209.758445846164051
 586.000000000000000  209.963605576835249
 588.000000000000000  210.167535865425521
 590.000000000000000  210.370299530952082
 592.000000000000000  210.571846903459203
 594.000000000000000  210.772163814068648
 596.000000000000000  210.971315198971269
 598.000000000000000  211.169300551148041
 600.000000000000000  211.366085711189015
 602.000000000000000  211.561748788540967
 604.000000000000000  211.756211280874680
 606.000000000000000  211.949531862737615
 608.000000000000000  212.141790912491956
 610.000000000000000  212.332802369390606
 612.000000000000000  212.522741574028402
 614.000000000000000  212.711649479414262
 616.000000000000000  212.899315843298922
 618.000000000000000  213.085920709998504
 620.000000000000000  213.271489492482658
 622.000000000000000  213.455869685129784
 624.000000000000000  213.639242064060966
 626.000000000000000  213.821646000646894
 628.000000000000000  214.002840402494797
 630.000000000000000  214.182983602884178
 632.000000000000000  214.362118182012921
 634.000000000000000  214.540192299104234
 636.000000000000000  214.717266784203531
 638.000000000000000  214.893344332359419
 640.000000000000000  215.068397050894390
 642.000000000000000  215.242363085696866
 644.000000000000000  215.415363786833808
 646.000000000000000  215.587358858490518
 648.000000000000000  215.758322388356220
 650.000000000000000  215.928372118064203
 652.000000000000000  216.097500575098593
 654.000000000000000  216.265582862075689
 656.000000000000000  216.432682442000555
 658.000000000000000  216.598854293096252
 660.000000000000000  216.764032869734905
 662.000000000000000  216.928352631357541
 664.000000000000000  217.091717508926990
 666.000000000000000  217.254150851247005
 668.000000000000000  217.415660620234661
 670.000000000000000  217.576176420611631
 672.000000000000000  217.735848272013499
 674.000000000000000  217.894666233861244
 676.000000000000000  218.052529803286831
 678.000000000000000  218.209511582666067
 680.000000000000000  218.365615146812729
 682.000000000000000  218.520921226075473
 684.000000000000000  218.675197679531578
 686.000000000000000  218.828589545813799
 688.000000000000000  218.981267168319619
 690.000000000000000  219.133023380819566
 692.000000000000000  219.284031344991405
 694.000000000000000  219.434133161030388
 696.000000000000000  219.583336964538830
 698.000000000000000  219.731806042315839
 700.000000000000000  219.879468742537483
 702.000000000000000  220.026137632348878
 704.000000000000000  220.172070008279803
 706.000000000000000  220.317417439070113
 708.000000000000000  220.461811749661564
 710.000000000000000  220.605179327876471
 712.000000000000000  220.747999755249253
 714.000000000000000  220.890206880450393
 716.000000000000000  221.031339016616556
 718.000000000000000  221.171766575779259
 720.000000000000000  221.311447931606040
 722.000000000000000  221.450358079895835
 724.000000000000000  221.588668657324149
 726.000000000000000  221.726091143675575
 728.000000000000000  221.862634854981167
 730.000000000000000  221.998653989849174
 732.000000000000000  222.134053985318900
 734.000000000000000  222.268425309528112
 736.000000000000000  222.402185442376947
 738.000000000000000  222.535176868292893
 740.000000000000000  222.667403588722550
 742.000000000000000  222.799109997258739
 744.000000000000000  222.930149962367352
 746.000000000000000  223.060411786541977
 748.000000000000000  223.189878672875494
 750.000000000000000  223.318698153007404
 752.000000000000000  223.446861165170560
 754.000000000000000  223.574402774010821
 756.000000000000000  223.701055520910643
 758.000000000000000  223.827282263210293
 760.000000000000000  223.952859943750212
 762.000000000000000  224.077620681515043
 764.000000000000000  224.201809848714902
 766.000000000000000  224.325288198933436
 768.000000000000000  224.448222727975093
 770.000000000000000  224.570556314082523
 772.000000000000000  224.692079963731004
 774.000000000000000  224.812893172537599
 776.000000000000000  224.933323077105200
 778.000000000000000  225.053063208209323
 780.000000000000000  225.172138645901413
 782.000000000000000  225.290680497050261
 784.000000000000000  225.408622852815057
 786.000000000000000  225.525709677678975
 788.000000000000000  225.642271322750389
 790.000000000000000  225.758702338072851
 792.000000000000000  225.874318284006392
 794.000000000000000  225.989003452482507
 796.000000000000000  226.103343920061633
 798.000000000000000  226.217035115271273
