   0.000000000000000       -93.066511393940033
   2.000000000000000       -93.066511445762998
   4.000000000000000       -93.066511504626760
   6.000000000000000       -93.066511616365517
   8.000000000000000       -93.066511886861733
  10.000000000000000       -93.066512531218365
  12.000000000000000       -93.066513918689992
  14.000000000000000       -93.066516666045999
  16.000000000000000       -93.066521634584134
  18.000000000000000       -93.066529908508343
  20.000000000000000       -93.066542850790626
  22.000000000000000       -93.066561919713578
  24.000000000000000       -93.066588761741656
  26.000000000000000       -93.066625057737923
  28.000000000000000       -93.066672538276350
  30.000000000000000       -93.066732917203794
  32.000000000000000       -93.066807887252324
  34.000000000000000       -93.066899081307923
  36.000000000000000       -93.067008063214843
  38.000000000000000       -93.067136324776882
  40.000000000000000       -93.067285258138057
  42.000000000000000       -93.067456183991524
  44.000000000000000       -93.067650323875625
  46.000000000000000       -93.067868836608611
  48.000000000000000       -93.068112763241615
  50.000000000000000       -93.068383115322916
  52.000000000000000       -93.068680773359603
  54.000000000000000       -93.069006586372623
  56.000000000000000       -93.069361316794286
  58.000000000000000       -93.069745671638771
  60.000000000000000       -93.070160293901608
  62.000000000000000       -93.070605767019700
  64.000000000000000       -93.071082631055106
  66.000000000000000       -93.071591365147682
  68.000000000000000       -93.072132400074878
  70.000000000000000       -93.072706132045823
  72.000000000000000       -93.073312906458639
  74.000000000000000       -93.073953033864527
  76.000000000000000       -93.074626781875708
  78.000000000000000       -93.075334387008098
  80.000000000000000       -93.076076068235480
  82.000000000000000       -93.076851977992334
  84.000000000000000       -93.077662277901112
  86.000000000000000       -93.078507078190640
  88.000000000000000       -93.079386480384699
  90.000000000000000       -93.080300551019064
  92.000000000000000       -93.081249345318227
  94.000000000000000       -93.082232892117020
  96.000000000000000       -93.083251200934839
  98.000000000000000       -93.084304267399020
 100.000000000000000       -93.085392074723671
 102.000000000000000       -93.086514573983109
 104.000000000000000       -93.087671736936187
 106.000000000000000       -93.088863500487108
 108.000000000000000       -93.090089778909032
 110.000000000000000       -93.091350502072103
 112.000000000000000       -93.092645572286742
 114.000000000000000       -93.093974896579226
 116.000000000000000       -93.095338374117546
 118.000000000000000       -93.096735869653287
 120.000000000000000       -93.098167288228140
 122.000000000000000       -93.099632490821378
 124.000000000000000       -93.101131350046842
 126.000000000000000       -93.102663718756048
 128.000000000000000       -93.104229492009651
 130.000000000000000       -93.105828486300396
 132.000000000000000       -93.107460590523502
 134.000000000000000       -93.109125640219332
 136.000000000000000       -93.110823480561933
 138.000000000000000       -93.112553967905157
 140.000000000000000       -93.114316958493575
 142.000000000000000       -93.116112286048264
 144.000000000000000       -93.117939795022039
 146.000000000000000       -93.119799325424935
 148.000000000000000       -93.121690725622926
 150.000000000000000       -93.123613848176902
 152.000000000000000       -93.125568517169640
 154.000000000000000       -93.127554592586023
 156.000000000000000       -93.129571905444337
 158.000000000000000       -93.131620304476954
 160.000000000000000       -93.133699624020025
 162.000000000000000       -93.135809720721511
 164.000000000000000       -93.137950433004264
 166.000000000000000       -93.140121604834505
 168.000000000000000       -93.142323078834764
 170.000000000000000       -93.144554717120002
 172.000000000000000       -93.146816345035717
 174.000000000000000       -93.149107827256671
 176.000000000000000       -93.151429012699822
 178.000000000000000       -93.153779760090785
 180.000000000000000       -93.156159896068829
 182.000000000000000       -93.158569291800191
 184.000000000000000       -93.161007802325656
 186.000000000000000       -93.163475288164534
 188.000000000000000       -93.165971593059183
 190.000000000000000       -93.168496578107636
 192.000000000000000       -93.171050107602767
 194.000000000000000       -93.173632039691682
 196.000000000000000       -93.176242231995303
 198.000000000000000       -93.178880563285830
 200.000000000000000       -93.181546869818703
 202.000000000000000       -93.184241061890631
 204.000000000000000       -93.186962951930383
 206.000000000000000       -93.189712455404688
 208.000000000000000       -93.192489420857683
 210.000000000000000       -93.195293709198594
 212.000000000000000       -93.198125208485308
 214.000000000000000       -93.200983795964447
 216.000000000000000       -93.203869338867491
 218.000000000000000       -93.206781707664774
 220.000000000000000       -93.209720787771730
 222.000000000000000       -93.212686461802022
 224.000000000000000       -93.215678599365873
 226.000000000000000       -93.218697092895695
 228.000000000000000       -93.221741786820132
 230.000000000000000       -93.224812620103677
 232.000000000000000       -93.227909456173805
 234.000000000000000       -93.231032158192235
 236.000000000000000       -93.234180637807938
 238.000000000000000       -93.237354789029283
 240.000000000000000       -93.240554463823884
 242.000000000000000       -93.243779591078521
 244.000000000000000       -93.247030039240784
 246.000000000000000       -93.250305706835690
 248.000000000000000       -93.253606483549291
 250.000000000000000       -93.256932281233759
 252.000000000000000       -93.260282970442361
 254.000000000000000       -93.263658476474916
 256.000000000000000       -93.267058662321944
 258.000000000000000       -93.270483459186181
 260.000000000000000       -93.273932737172061
 262.000000000000000       -93.277406403202960
 264.000000000000000       -93.280904368763998
 266.000000000000000       -93.284426537439302
 268.000000000000000       -93.287972807004394
 270.000000000000000       -93.291543084616933
 272.000000000000000       -93.295137253433865
 274.000000000000000       -93.298755245255762
 276.000000000000000       -93.302396967136474
 278.000000000000000       -93.306062311213481
 280.000000000000000       -93.309751184181522
 282.000000000000000       -93.313463516327872
 284.000000000000000       -93.317199197537690
 286.000000000000000       -93.320958128430419
 288.000000000000000       -93.324740257689214
 290.000000000000000       -93.328545459046495
 292.000000000000000       -93.332373671935983
 294.000000000000000       -93.336224802148848
 296.000000000000000       -93.340098753965620
 298.000000000000000       -93.343995453319664
 300.000000000000000       -93.347914808512698
 302.000000000000000       -93.351856741480503
 304.000000000000000       -93.355821172876730
 306.000000000000000       -93.359808027053177
 308.000000000000000       -93.363817165660762
 310.000000000000000       -93.367848600974938
 312.000000000000000       -93.371902195671254
 314.000000000000000       -93.375977863255301
 316.000000000000000       -93.380075553380181
 318.000000000000000       -93.384195179187387
 320.000000000000000       -93.388336654538492
 322.000000000000000       -93.392499897236334
 324.000000000000000       -93.396684853891585
 326.000000000000000       -93.400891438348083
 328.000000000000000       -93.405119562044320
 330.000000000000000       -93.409369167795745
 332.000000000000000       -93.413640177820128
 334.000000000000000       -93.417932503169837
 336.000000000000000       -93.422246099256782
 338.000000000000000       -93.426580863089924
 340.000000000000000       -93.430936742709818
 342.000000000000000       -93.435313657639085
 344.000000000000000       -93.439711552420363
 346.000000000000000       -93.444130330275101
 348.000000000000000       -93.448569941022228
 350.000000000000000       -93.453030323586276
 352.000000000000000       -93.457511374982573
 354.000000000000000       -93.462013044523459
 356.000000000000000       -93.466535283004362
 358.000000000000000       -93.471078008270780
 360.000000000000000       -93.475641124220829
 362.000000000000000       -93.480224641344122
 364.000000000000000       -93.484828400168880
 366.000000000000000       -93.489452392096496
 368.000000000000000       -93.494096553698483
 370.000000000000000       -93.498760776658429
 372.000000000000000       -93.503445034884550
 374.000000000000000       -93.508149272836249
 376.000000000000000       -93.512873396279758
 378.000000000000000       -93.517617354857748
 380.000000000000000       -93.522381106622447
 382.000000000000000       -93.527164543651296
 384.000000000000000       -93.531967650590317
 386.000000000000000       -93.536790327714172
 388.000000000000000       -93.541632526556796
 390.000000000000000       -93.546494209583628
 392.000000000000000       -93.551375275535378
 394.000000000000000       -93.556275700911513
 396.000000000000000       -93.561195424950867
 398.000000000000000       -93.566134361391192
 400.000000000000000       -93.571092462654804
 402.000000000000000       -93.576069683067516
 404.000000000000000       -93.581065954680668
 406.000000000000000       -93.586081204636216
 408.000000000000000       -93.591115427868885
 410.000000000000000       -93.596168498314896
 412.000000000000000       -93.601240401046027
 414.000000000000000       -93.606331063241072
 416.000000000000000       -93.611440449498147
 418.000000000000000       -93.616568480614831
 420.000000000000000       -93.621715126234506
 422.000000000000000       -93.626880294633878
 424.000000000000000       -93.632063965714835
 426.000000000000000       -93.637266068470609
 428.000000000000000       -93.642486566681313
 430.000000000000000       -93.647725360886440
 432.000000000000000       -93.652982469526691
 434.000000000000000       -93.658257773701123
 436.000000000000000       -93.663551255243732
 438.000000000000000       -93.668862850811223
 440.000000000000000       -93.674192483101692
 442.000000000000000       -93.679540157568866
 444.000000000000000       -93.684905806945764
 446.000000000000000       -93.690289314944422
 448.000000000000000       -93.695690713588291
 450.000000000000000       -93.701109900906914
 452.000000000000000       -93.706546859215862
 454.000000000000000       -93.712001519403330
 456.000000000000000       -93.717473837376744
 458.000000000000000       -93.722963757006994
 460.000000000000000       -93.728471223094516
 462.000000000000000       -93.733996209058560
 464.000000000000000       -93.739538644734566
 466.000000000000000       -93.745098523426364
 468.000000000000000       -93.750675714621480
 470.000000000000000       -93.756270237383205
 472.000000000000000       -93.761882018702721
 474.000000000000000       -93.767511013039638
 476.000000000000000       -93.773157187102825
 478.000000000000000       -93.778820494002034
 480.000000000000000       -93.784500859956964
 482.000000000000000       -93.790198274823567
 484.000000000000000       -93.795912653561459
 486.000000000000000       -93.801643967451184
 488.000000000000000       -93.807392165277435
 490.000000000000000       -93.813157229124371
 492.000000000000000       -93.818939080142627
 494.000000000000000       -93.824737658465097
 496.000000000000000       -93.830552950080502
 498.000000000000000       -93.836384933931924
 500.000000000000000       -93.842233548051823
 502.000000000000000       -93.848098704005693
 504.000000000000000       -93.853980397544532
 506.000000000000000       -93.859878572352741
 508.000000000000000       -93.865793199999146
 510.000000000000000       -93.871724220324566
 512.000000000000000       -93.877671600940928
 514.000000000000000       -93.883635278885777
 516.000000000000000       -93.889615223237641
 518.000000000000000       -93.895611416903535
 520.000000000000000       -93.901623774878260
 522.000000000000000       -93.907652292320947
 524.000000000000000       -93.913696936751990
 526.000000000000000       -93.919757581936693
 528.000000000000000       -93.925834265380814
 530.000000000000000       -93.931926931187391
 532.000000000000000       -93.938035526848225
 534.000000000000000       -93.944160020053076
 536.000000000000000       -93.950300341872719
 538.000000000000000       -93.956456494865165
 540.000000000000000       -93.962628393357051
 542.000000000000000       -93.968816050776979
 544.000000000000000       -93.975019373471810
 546.000000000000000       -93.981238375983253
 548.000000000000000       -93.987472948847596
 550.000000000000000       -93.993723131718738
 552.000000000000000       -93.999988833871555
 554.000000000000000       -94.006270005933260
 556.000000000000000       -94.012566659684154
 558.000000000000000       -94.018878712849684
 560.000000000000000       -94.025206119968701
 562.000000000000000       -94.031548899230785
 564.000000000000000       -94.037906971043668
 566.000000000000000       -94.044280280033419
 568.000000000000000       -94.050668827574611
 570.000000000000000       -94.057072548559589
 572.000000000000000       -94.063491434746581
 574.000000000000000       -94.069925409873491
 576.000000000000000       -94.076374490318500
 578.000000000000000       -94.082838579951527
 580.000000000000000       -94.089317662205957
 582.000000000000000       -94.095811726408996
 584.000000000000000       -94.102320699611937
 586.000000000000000       -94.108844535653219
 588.000000000000000       -94.115383261063286
 590.000000000000000       -94.121936792527023
 592.000000000000000       -94.128505097336458
 594.000000000000000       -94.135088147393205
 596.000000000000000       -94.141685911794553
 598.000000000000000       -94.148298331266034
 600.000000000000000       -94.154925413245422
 602.000000000000000       -94.161567089026619
 604.000000000000000       -94.168223301466725
 606.000000000000000       -94.174894099526838
 608.000000000000000       -94.181579360968271
 610.000000000000000       -94.188279079180589
 612.000000000000000       -94.194993279174980
 614.000000000000000       -94.201721806744203
 616.000000000000000       -94.208464701507921
 618.000000000000000       -94.215221951538325
 620.000000000000000       -94.221993470239042
 622.000000000000000       -94.228779252813808
 624.000000000000000       -94.235579299227680
 626.000000000000000       -94.242393484309943
 628.000000000000000       -94.249221818166873
 630.000000000000000       -94.256064325453025
 632.000000000000000       -94.262920882642888
 634.000000000000000       -94.269791536592123
 636.000000000000000       -94.276676200708408
 638.000000000000000       -94.283574859893420
 640.000000000000000       -94.290487449493682
 642.000000000000000       -94.297413978531083
 644.000000000000000       -94.304354427116067
 646.000000000000000       -94.311308729053678
 648.000000000000000       -94.318276871568017
 650.000000000000000       -94.325258814492869
 652.000000000000000       -94.332254539120427
 654.000000000000000       -94.339263961788788
 656.000000000000000       -94.346287117173588
 658.000000000000000       -94.353323937276045
 660.000000000000000       -94.360374417467341
 662.000000000000000       -94.367438515199083
 664.000000000000000       -94.374516166338509
 666.000000000000000       -94.381607400445532
 668.000000000000000       -94.388712117556565
 670.000000000000000       -94.395830342484928
 672.000000000000000       -94.402962034094045
 674.000000000000000       -94.410107156177773
 676.000000000000000       -94.417265668055876
 678.000000000000000       -94.424437560618571
 680.000000000000000       -94.431622772657519
 682.000000000000000       -94.438821329271335
 684.000000000000000       -94.446033088419043
 686.000000000000000       -94.453258199283766
 688.000000000000000       -94.460496481139643
 690.000000000000000       -94.467747978350005
 692.000000000000000       -94.475012638505675
 694.000000000000000       -94.482290403557471
 696.000000000000000       -94.489581288305601
 698.000000000000000       -94.496885248466810
 700.000000000000000       -94.504202247460583
 702.000000000000000       -94.511532264114166
 704.000000000000000       -94.518875312066726
 706.000000000000000       -94.526231307270336
 708.000000000000000       -94.533600182782877
 710.000000000000000       -94.540981997255827
 712.000000000000000       -94.548376742648088
 714.000000000000000       -94.555784284265457
 716.000000000000000       -94.563204638289292
 718.000000000000000       -94.570637819010145
 720.000000000000000       -94.578083752537367
 722.000000000000000       -94.585542451247690
 724.000000000000000       -94.593013834372655
 726.000000000000000       -94.600497893225025
 728.000000000000000       -94.607994628481762
 730.000000000000000       -94.615504021156369
 732.000000000000000       -94.623025968240228
 734.000000000000000       -94.630560482427214
 736.000000000000000       -94.638107597855779
 738.000000000000000       -94.645667196269002
 740.000000000000000       -94.653239344935130
 742.000000000000000       -94.660823948467510
 744.000000000000000       -94.668420985328027
 746.000000000000000       -94.676030420829761
 748.000000000000000       -94.683652263981955
 750.000000000000000       -94.691286468811313
 752.000000000000000       -94.698933036728548
 754.000000000000000       -94.706591902118461
 756.000000000000000       -94.714263057515495
 758.000000000000000       -94.721946518469153
 760.000000000000000       -94.729642155618919
 762.000000000000000       -94.737350047249379
 764.000000000000000       -94.745070100432869
 766.000000000000000       -94.752802330008080
 768.000000000000000       -94.760546698070073
 770.000000000000000       -94.768303173069398
 772.000000000000000       -94.776071711239382
 774.000000000000000       -94.783852351550308
 776.000000000000000       -94.791645032048180
 778.000000000000000       -94.799449706327209
 780.000000000000000       -94.807266382860092
 782.000000000000000       -94.815095016236228
 784.000000000000000       -94.822935593532605
 786.000000000000000       -94.830788067344642
 788.000000000000000       -94.838652489713937
 790.000000000000000       -94.846528752282552
 792.000000000000000       -94.854416803624702
 794.000000000000000       -94.862316705322883
 796.000000000000000       -94.870228422887422
 798.000000000000000       -94.878151888628864
