   0.000000000000000         0.000000000000000
   2.000000000000000         0.000000000000000
   4.000000000000000       -31.964818122789399
   6.000000000000000        -9.314864602292053
   8.000000000000000        -6.237622964039030
  10.000000000000000        -5.462227601146068
  12.000000000000000        -4.923960231033017
  14.000000000000000        -4.434190724540243
  16.000000000000000        -4.007996553594044
  18.000000000000000        -3.640216939565589
  20.000000000000000        -3.325764478454354
  22.000000000000000        -3.055399794460451
  24.000000000000000        -2.819947236473052
  26.000000000000000        -2.613438731181526
  28.000000000000000        -2.430397384254109
  30.000000000000000        -2.266574851716341
  32.000000000000000        -2.118613008607750
  34.000000000000000        -1.983829900404971
  36.000000000000000        -1.860151563333323
  38.000000000000000        -1.745976924240984
  40.000000000000000        -1.639819530403884
  42.000000000000000        -1.540655504026486
  44.000000000000000        -1.447573420065174
  46.000000000000000        -1.359904957555865
  48.000000000000000        -1.277059039009152
  50.000000000000000        -1.198614825224743
  52.000000000000000        -1.124248078628270
  54.000000000000000        -1.053583445730759
  56.000000000000000        -0.986394769135188
  58.000000000000000        -0.922474130098544
  60.000000000000000        -0.861631949466617
  62.000000000000000        -0.803662157056073
  64.000000000000000        -0.748444624459819
  66.000000000000000        -0.695856800999453
  68.000000000000000        -0.645760911334217
  70.000000000000000        -0.598006665700771
  72.000000000000000        -0.552493547395457
  74.000000000000000        -0.509144488953625
  76.000000000000000        -0.467822609869908
  78.000000000000000        -0.428395071816919
  80.000000000000000        -0.390821107096633
  82.000000000000000        -0.355009698380826
  84.000000000000000        -0.320842692637627
  86.000000000000000        -0.288249265010877
  88.000000000000000        -0.257148104564709
  90.000000000000000        -0.227454578971364
  92.000000000000000        -0.199101892955517
  94.000000000000000        -0.172042994850377
  96.000000000000000        -0.146198959942845
  98.000000000000000        -0.121495462155388
 100.000000000000000        -0.097895313005079
 102.000000000000000        -0.075326142611168
 104.000000000000000        -0.053715902457162
 106.000000000000000        -0.033069712552066
 108.000000000000000        -0.013304760068458
 110.000000000000000         0.005625333258283
 112.000000000000000         0.023735365448473
 114.000000000000000         0.041113395367058
 116.000000000000000         0.057744873752260
 118.000000000000000         0.073688243607574
 120.000000000000000         0.088997700457447
 122.000000000000000         0.103660975399299
 124.000000000000000         0.117708101344321
 126.000000000000000         0.131233235098265
 128.000000000000000         0.144207834363865
 130.000000000000000         0.156634560145424
 132.000000000000000         0.168609284075649
 134.000000000000000         0.180092426704593
 136.000000000000000         0.191113005025612
 138.000000000000000         0.201737642322639
 140.000000000000000         0.211955540137554
 142.000000000000000         0.221757237050718
 144.000000000000000         0.231184601129789
 146.000000000000000         0.240257196292770
 148.000000000000000         0.249008505918406
 150.000000000000000         0.257415631257930
 152.000000000000000         0.265506183678540
 154.000000000000000         0.273311779586687
 156.000000000000000         0.280816950261757
 158.000000000000000         0.288042880458035
 160.000000000000000         0.295004264635663
 162.000000000000000         0.301724781714625
 164.000000000000000         0.308196046560778
 166.000000000000000         0.314415348004819
 168.000000000000000         0.320433983204131
 170.000000000000000         0.326233595107454
 172.000000000000000         0.331807764763188
 174.000000000000000         0.337204995252388
 176.000000000000000         0.342418152728357
 178.000000000000000         0.347423290757094
 180.000000000000000         0.352250415228284
 182.000000000000000         0.356929869802525
 184.000000000000000         0.361451003050690
 186.000000000000000         0.365805028897070
 188.000000000000000         0.369994824239449
 190.000000000000000         0.374049699874672
 192.000000000000000         0.377962705153812
 194.000000000000000         0.381739779308923
 196.000000000000000         0.385401772599635
 198.000000000000000         0.388919137687506
 200.000000000000000         0.392342079542703
 202.000000000000000         0.395636027435772
 204.000000000000000         0.398803659793893
 206.000000000000000         0.401897050134074
 208.000000000000000         0.404853222566893
 210.000000000000000         0.407718609175007
 212.000000000000000         0.410505044716240
 214.000000000000000         0.413191398035512
 216.000000000000000         0.415784393928127
 218.000000000000000         0.418291697768565
 220.000000000000000         0.420725081680513
 222.000000000000000         0.423074410314942
 224.000000000000000         0.425346707031693
 226.000000000000000         0.427518542774341
 228.000000000000000         0.429639290825531
 230.000000000000000         0.431727617281404
 232.000000000000000         0.433703982701229
 234.000000000000000         0.435617095039304
 236.000000000000000         0.437493863038567
 238.000000000000000         0.439288314746830
 240.000000000000000         0.441027928158561
 242.000000000000000         0.442720061107450
 244.000000000000000         0.444348406052589
 246.000000000000000         0.445921243223461
 248.000000000000000         0.447463659978121
 250.000000000000000         0.448950593535402
 252.000000000000000         0.450388951429425
 254.000000000000000         0.451784534848941
 256.000000000000000         0.453125443743448
 258.000000000000000         0.454429795046252
 260.000000000000000         0.455685048309071
 262.000000000000000         0.456904387679416
 264.000000000000000         0.458088780424613
 266.000000000000000         0.459251568110746
 268.000000000000000         0.460371188850417
 270.000000000000000         0.461432665639031
 272.000000000000000         0.462474152754577
 274.000000000000000         0.463500285652896
 276.000000000000000         0.464484923366414
 278.000000000000000         0.465430338639308
 280.000000000000000         0.466357127172925
 282.000000000000000         0.467256179811301
 284.000000000000000         0.468105631727696
 286.000000000000000         0.468950255327827
 288.000000000000000         0.469770123707639
 290.000000000000000         0.470554680309184
 292.000000000000000         0.471332884622141
 294.000000000000000         0.472069528979466
 296.000000000000000         0.472785542864154
 298.000000000000000         0.473494916360186
 300.000000000000000         0.474163433441144
 302.000000000000000         0.474820653366754
 304.000000000000000         0.475474678055852
 306.000000000000000         0.476071957403551
 308.000000000000000         0.476679058255283
 310.000000000000000         0.477281484554605
 312.000000000000000         0.477831502570626
 314.000000000000000         0.478376336074538
 316.000000000000000         0.478915371123523
 318.000000000000000         0.479437896849009
 320.000000000000000         0.479932450179435
 322.000000000000000         0.480419760883296
 324.000000000000000         0.480904895355355
 326.000000000000000         0.481361823556605
 328.000000000000000         0.481797400402442
 330.000000000000000         0.482237849245715
 332.000000000000000         0.482658280460598
 334.000000000000000         0.483068859659423
 336.000000000000000         0.483470423117456
 338.000000000000000         0.483850979749573
 340.000000000000000         0.484227626413682
 342.000000000000000         0.484597079552650
 344.000000000000000         0.484953214795246
 346.000000000000000         0.485293271057527
 348.000000000000000         0.485628539888588
 350.000000000000000         0.485956777221915
 352.000000000000000         0.486267501100072
 354.000000000000000         0.486578454838151
 356.000000000000000         0.486884285726663
 358.000000000000000         0.487166787927996
 360.000000000000000         0.487458585032056
 362.000000000000000         0.487736537632463
 364.000000000000000         0.487995203351235
 366.000000000000000         0.488266858712980
 368.000000000000000         0.488516439834967
 370.000000000000000         0.488755062173170
 372.000000000000000         0.489004731160757
 374.000000000000000         0.489239611645242
 376.000000000000000         0.489466052500227
 378.000000000000000         0.489693906055521
 380.000000000000000         0.489907400984138
 382.000000000000000         0.490116708699419
 384.000000000000000         0.490327511208127
 386.000000000000000         0.490524121474565
 388.000000000000000         0.490723208767444
 390.000000000000000         0.490910764552497
 392.000000000000000         0.491094934773553
 394.000000000000000         0.491286758089087
 396.000000000000000         0.491458731298891
 398.000000000000000         0.491630064854139
 400.000000000000000         0.491799933181940
 402.000000000000000         0.491965696129818
 404.000000000000000         0.492128245260936
 406.000000000000000         0.492285511944224
 408.000000000000000         0.492440141156251
 410.000000000000000         0.492590781880956
 412.000000000000000         0.492735380293462
 414.000000000000000         0.492873355538517
 416.000000000000000         0.493022119262606
 418.000000000000000         0.493165075036698
 420.000000000000000         0.493288098584927
 422.000000000000000         0.493417359920321
 424.000000000000000         0.493552814866750
 426.000000000000000         0.493684670897063
 428.000000000000000         0.493801624896562
 430.000000000000000         0.493917335535205
 432.000000000000000         0.494046024115844
 434.000000000000000         0.494160504400847
 436.000000000000000         0.494271699755285
 438.000000000000000         0.494382839480964
 440.000000000000000         0.494495969405487
 442.000000000000000         0.494610355903285
 444.000000000000000         0.494705990609487
 446.000000000000000         0.494806162577035
 448.000000000000000         0.494920478494589
 450.000000000000000         0.495018432010689
 452.000000000000000         0.495113526823482
 454.000000000000000         0.495215945648938
 456.000000000000000         0.495310603065162
 458.000000000000000         0.495401628332834
 460.000000000000000         0.495501053777168
 462.000000000000000         0.495589029327205
 464.000000000000000         0.495677089069254
 466.000000000000000         0.495772716036172
 468.000000000000000         0.495857086173086
 470.000000000000000         0.495942178332225
 472.000000000000000         0.496029327488203
 474.000000000000000         0.496112735743436
 476.000000000000000         0.496196003229912
 478.000000000000000         0.496282922783355
 480.000000000000000         0.496360381172525
 482.000000000000000         0.496432899554166
 484.000000000000000         0.496517986986313
 486.000000000000000         0.496604774670416
 488.000000000000000         0.496680593330534
 490.000000000000000         0.496752822808021
 492.000000000000000         0.496833134239821
 494.000000000000000         0.496910533219085
 496.000000000000000         0.496985406755526
 498.000000000000000         0.497057641349542
 500.000000000000000         0.497129441863559
 502.000000000000000         0.497205842869087
 504.000000000000000         0.497277576380566
 506.000000000000000         0.497350119443929
 508.000000000000000         0.497427365467659
 510.000000000000000         0.497497242604839
 512.000000000000000         0.497562286469178
 514.000000000000000         0.497638329648342
 516.000000000000000         0.497708089642636
 518.000000000000000         0.497780820333969
 520.000000000000000         0.497847296921349
 522.000000000000000         0.497906706143192
 524.000000000000000         0.497981305745044
 526.000000000000000         0.498056561011865
 528.000000000000000         0.498126441675735
 530.000000000000000         0.498187253970828
 532.000000000000000         0.498254675162637
 534.000000000000000         0.498329651322194
 536.000000000000000         0.498397141449007
 538.000000000000000         0.498461445953141
 540.000000000000000         0.498529073486511
 542.000000000000000         0.498597059472186
 544.000000000000000         0.498666130534335
 546.000000000000000         0.498733407865999
 548.000000000000000         0.498793989047858
 550.000000000000000         0.498865639992925
 552.000000000000000         0.498936903173922
 554.000000000000000         0.499002993567785
 556.000000000000000         0.499064456808411
 558.000000000000000         0.499143564392895
 560.000000000000000         0.499205900322341
 562.000000000000000         0.499256898011454
 564.000000000000000         0.499343226490838
 566.000000000000000         0.499407426073610
 568.000000000000000         0.499469683174161
 570.000000000000000         0.499536542827474
 572.000000000000000         0.499608270421046
 574.000000000000000         0.499674535990279
 576.000000000000000         0.499730138680767
 578.000000000000000         0.499811789856041
 580.000000000000000         0.499881631258421
 582.000000000000000         0.499941506611992
 584.000000000000000         0.500020702289669
 586.000000000000000         0.500083572730246
 588.000000000000000         0.500143626432600
 590.000000000000000         0.500222017915010
 592.000000000000000         0.500295440228462
 594.000000000000000         0.500355291885025
 596.000000000000000         0.500424104051493
 598.000000000000000         0.500498044590603
 600.000000000000000         0.500561140961568
 602.000000000000000         0.500640209393389
 604.000000000000000         0.500701436251837
 606.000000000000000         0.500765711299738
 608.000000000000000         0.500859121458439
 610.000000000000000         0.500908519674430
 612.000000000000000         0.500978225305486
 614.000000000000000         0.501078621036348
 616.000000000000000         0.501129476103610
 618.000000000000000         0.501195382328941
 620.000000000000000         0.501281847657209
 622.000000000000000         0.501330629562829
 624.000000000000000         0.501405604767010
 626.000000000000000         0.501516491407454
 628.000000000000000         0.501574230702172
 630.000000000000000         0.501634361034875
 632.000000000000000         0.501708010210272
 634.000000000000000         0.501775222949485
 636.000000000000000         0.501854105605704
 638.000000000000000         0.501943151810843
 640.000000000000000         0.502029614866961
 642.000000000000000         0.502090226229145
 644.000000000000000         0.502164857649854
 646.000000000000000         0.502236585208578
 648.000000000000000         0.502294583591444
 650.000000000000000         0.502376423002401
 652.000000000000000         0.502476959927283
 654.000000000000000         0.502551223954021
 656.000000000000000         0.502619332885313
 658.000000000000000         0.502696833026940
 660.000000000000000         0.502760128193531
 662.000000000000000         0.502851170232434
 664.000000000000000         0.502935563711674
 666.000000000000000         0.503019695023693
 668.000000000000000         0.503103030189246
 670.000000000000000         0.503161664845107
 672.000000000000000         0.503241739222649
 674.000000000000000         0.503337543119769
 676.000000000000000         0.503414941217120
 678.000000000000000         0.503495371606708
 680.000000000000000         0.503577461555608
 682.000000000000000         0.503685130645741
 684.000000000000000         0.503742619608234
 686.000000000000000         0.503795933789305
 688.000000000000000         0.503893450089719
 690.000000000000000         0.503970412514855
 692.000000000000000         0.504077581391410
 694.000000000000000         0.504164560960296
 696.000000000000000         0.504232868456852
 698.000000000000000         0.504329741074893
 700.000000000000000         0.504431464655453
 702.000000000000000         0.504480770143980
 704.000000000000000         0.504553297708836
 706.000000000000000         0.504690779697574
 708.000000000000000         0.504782373563072
 710.000000000000000         0.504806782588383
 712.000000000000000         0.504902690425191
 714.000000000000000         0.505046849227502
 716.000000000000000         0.505105006997223
 718.000000000000000         0.505183299659151
 720.000000000000000         0.505267343087686
 722.000000000000000         0.505349057805957
 724.000000000000000         0.505474537168427
 726.000000000000000         0.505560974814137
 728.000000000000000         0.505610386477903
 730.000000000000000         0.505720471889760
 732.000000000000000         0.505861655156668
 734.000000000000000         0.505919787776165
 736.000000000000000         0.506009938319092
 738.000000000000000         0.506086012077953
 740.000000000000000         0.506149191094041
 742.000000000000000         0.506263455689942
 744.000000000000000         0.506387440860523
 746.000000000000000         0.506489613246674
 748.000000000000000         0.506564910040418
 750.000000000000000         0.506651359696423
 752.000000000000000         0.506745500747441
 754.000000000000000         0.506854628482790
 756.000000000000000         0.506907306272836
 758.000000000000000         0.507024656155145
 760.000000000000000         0.507144972907273
 762.000000000000000         0.507225048007953
 764.000000000000000         0.507326513465865
 766.000000000000000         0.507412704225024
 768.000000000000000         0.507525118107754
 770.000000000000000         0.507647670593441
 772.000000000000000         0.507725797561587
 774.000000000000000         0.507784953168707
 776.000000000000000         0.507905965497332
 778.000000000000000         0.508009880232731
 780.000000000000000         0.508102601988894
 782.000000000000000         0.508215355863142
 784.000000000000000         0.508330691282883
 786.000000000000000         0.508384215337237
 788.000000000000000         0.508457702549004
 790.000000000000000         0.508644893669112
 792.000000000000000         0.508776646659122
 794.000000000000000         0.508825832556890
 796.000000000000000         0.508933600662378
 798.000000000000000         0.509024460096882
