# Volume points
 119.98576    0.32414   0.30374   0.20764   0.04297  -0.17766  -0.44566  -0.75474  -1.09999
 123.65854    0.27915   0.26009   0.16410  -0.00175  -0.22414  -0.49425  -0.80565  -1.15337
 127.40552    0.29256   0.27405   0.17704   0.00903  -0.21602  -0.48905  -0.80352  -1.15443
 131.22743    0.35708   0.33835   0.23891   0.06735  -0.16165  -0.43883  -0.75759  -1.11286
 135.12502    0.46757   0.44824   0.34555   0.16972  -0.06390  -0.34587  -0.66952  -1.02973
 139.09904    0.61954   0.59920   0.49258   0.31186   0.07306  -0.21423  -0.54327  -0.90891
 143.15022    0.80823   0.78630   0.67447   0.48762   0.24239  -0.05143  -0.38706  -0.75933

# Fitted data
 119.98576    0.32405   0.30367   0.20758   0.04292  -0.17770  -0.44569  -0.75477  -1.10000
 120.10158    0.32168   0.30135   0.20528   0.04061  -0.18005  -0.44810  -0.75723  -1.10254
 120.21740    0.31937   0.29909   0.20305   0.03835  -0.18235  -0.45045  -0.75964  -1.10501
 120.33322    0.31712   0.29690   0.20088   0.03616  -0.18458  -0.45274  -0.76199  -1.10742
 120.44905    0.31494   0.29477   0.19877   0.03403  -0.18675  -0.45496  -0.76428  -1.10978
 120.56487    0.31283   0.29271   0.19673   0.03196  -0.18887  -0.45713  -0.76651  -1.11208
 120.68069    0.31078   0.29071   0.19475   0.02996  -0.19092  -0.45924  -0.76868  -1.11432
 120.79651    0.30880   0.28878   0.19283   0.02801  -0.19291  -0.46128  -0.77079  -1.11650
 120.91233    0.30688   0.28691   0.19097   0.02613  -0.19484  -0.46327  -0.77285  -1.11862
 121.02816    0.30503   0.28510   0.18917   0.02430  -0.19671  -0.46520  -0.77484  -1.12069
 121.14398    0.30323   0.28336   0.18744   0.02254  -0.19852  -0.46708  -0.77678  -1.12270
 121.25980    0.30151   0.28167   0.18577   0.02084  -0.20028  -0.46889  -0.77866  -1.12466
 121.37562    0.29984   0.28005   0.18416   0.01919  -0.20197  -0.47065  -0.78049  -1.12656
 121.49145    0.29824   0.27849   0.18261   0.01761  -0.20361  -0.47235  -0.78226  -1.12840
 121.60727    0.29670   0.27700   0.18111   0.01608  -0.20519  -0.47399  -0.78397  -1.13019
 121.72309    0.29522   0.27556   0.17968   0.01462  -0.20671  -0.47558  -0.78563  -1.13193
 121.83891    0.29380   0.27418   0.17831   0.01321  -0.20817  -0.47711  -0.78723  -1.13361
 121.95474    0.29245   0.27287   0.17700   0.01186  -0.20958  -0.47858  -0.78878  -1.13523
 122.07056    0.29116   0.27161   0.17575   0.01056  -0.21093  -0.48000  -0.79027  -1.13680
 122.18638    0.28992   0.27042   0.17455   0.00933  -0.21222  -0.48136  -0.79171  -1.13832
 122.30220    0.28875   0.26928   0.17341   0.00815  -0.21346  -0.48267  -0.79309  -1.13978
 122.41802    0.28764   0.26821   0.17233   0.00703  -0.21464  -0.48392  -0.79442  -1.14119
 122.53385    0.28658   0.26719   0.17131   0.00596  -0.21577  -0.48512  -0.79570  -1.14255
 122.64967    0.28559   0.26623   0.17035   0.00496  -0.21684  -0.48626  -0.79692  -1.14386
 122.76549    0.28465   0.26533   0.16944   0.00400  -0.21785  -0.48735  -0.79809  -1.14511
 122.88131    0.28378   0.26449   0.16859   0.00311  -0.21881  -0.48838  -0.79920  -1.14631
 122.99714    0.28296   0.26370   0.16780   0.00226  -0.21972  -0.48937  -0.80027  -1.14746
 123.11296    0.28220   0.26298   0.16706   0.00148  -0.22057  -0.49029  -0.80128  -1.14856
 123.22878    0.28150   0.26231   0.16638   0.00075  -0.22137  -0.49117  -0.80224  -1.14960
 123.34460    0.28086   0.26169   0.16575   0.00007  -0.22212  -0.49199  -0.80314  -1.15060
 123.46043    0.28027   0.26114   0.16518  -0.00056  -0.22281  -0.49277  -0.80400  -1.15154
 123.57625    0.27974   0.26064   0.16467  -0.00112  -0.22345  -0.49348  -0.80480  -1.15243
 123.69207    0.27927   0.26019   0.16420  -0.00164  -0.22404  -0.49415  -0.80556  -1.15328
 123.80789    0.27885   0.25980   0.16380  -0.00210  -0.22457  -0.49477  -0.80626  -1.15407
 123.92371    0.27849   0.25947   0.16345  -0.00251  -0.22505  -0.49533  -0.80691  -1.15482
 124.03954    0.27818   0.25919   0.16315  -0.00287  -0.22549  -0.49585  -0.80752  -1.15551
 124.15536    0.27793   0.25896   0.16290  -0.00317  -0.22586  -0.49631  -0.80807  -1.15616
 124.27118    0.27774   0.25879   0.16271  -0.00342  -0.22619  -0.49672  -0.80857  -1.15675
 124.38700    0.27760   0.25868   0.16257  -0.00362  -0.22647  -0.49708  -0.80902  -1.15730
 124.50283    0.27751   0.25861   0.16248  -0.00377  -0.22669  -0.49740  -0.80943  -1.15780
 124.61865    0.27748   0.25861   0.16245  -0.00387  -0.22687  -0.49766  -0.80978  -1.15826
 124.73447    0.27751   0.25865   0.16247  -0.00392  -0.22700  -0.49787  -0.81009  -1.15866
 124.85029    0.27758   0.25875   0.16254  -0.00391  -0.22707  -0.49804  -0.81035  -1.15902
 124.96611    0.27771   0.25890   0.16266  -0.00385  -0.22710  -0.49815  -0.81056  -1.15933
 125.08194    0.27790   0.25910   0.16283  -0.00375  -0.22707  -0.49822  -0.81072  -1.15959
 125.19776    0.27814   0.25936   0.16306  -0.00359  -0.22700  -0.49824  -0.81084  -1.15980
 125.31358    0.27842   0.25966   0.16333  -0.00339  -0.22688  -0.49821  -0.81091  -1.15997
 125.42940    0.27877   0.26002   0.16366  -0.00313  -0.22671  -0.49813  -0.81093  -1.16010
 125.54523    0.27916   0.26043   0.16403  -0.00283  -0.22649  -0.49801  -0.81090  -1.16017
 125.66105    0.27960   0.26089   0.16446  -0.00247  -0.22622  -0.49784  -0.81083  -1.16021
 125.77687    0.28010   0.26141   0.16493  -0.00207  -0.22591  -0.49762  -0.81071  -1.16019
 125.89269    0.28065   0.26197   0.16546  -0.00162  -0.22555  -0.49735  -0.81055  -1.16013
 126.00852    0.28125   0.26258   0.16603  -0.00112  -0.22514  -0.49704  -0.81034  -1.16003
 126.12434    0.28190   0.26324   0.16665  -0.00057  -0.22468  -0.49668  -0.81008  -1.15988
 126.24016    0.28260   0.26396   0.16732   0.00002  -0.22418  -0.49628  -0.80978  -1.15969
 126.35598    0.28335   0.26472   0.16804   0.00066  -0.22363  -0.49583  -0.80944  -1.15945
 126.47180    0.28415   0.26553   0.16881   0.00135  -0.22303  -0.49533  -0.80905  -1.15917
 126.58763    0.28500   0.26639   0.16963   0.00209  -0.22239  -0.49479  -0.80861  -1.15884
 126.70345    0.28590   0.26730   0.17049   0.00287  -0.22170  -0.49420  -0.80813  -1.15847
 126.81927    0.28684   0.26826   0.17140   0.00370  -0.22097  -0.49357  -0.80761  -1.15806
 126.93509    0.28784   0.26926   0.17236   0.00458  -0.22019  -0.49290  -0.80704  -1.15760
 127.05092    0.28889   0.27032   0.17337   0.00550  -0.21936  -0.49218  -0.80643  -1.15710
 127.16674    0.28998   0.27142   0.17442   0.00647  -0.21849  -0.49141  -0.80578  -1.15656
 127.28256    0.29112   0.27257   0.17552   0.00748  -0.21758  -0.49060  -0.80508  -1.15598
 127.39838    0.29231   0.27376   0.17666   0.00854  -0.21662  -0.48975  -0.80434  -1.15535
 127.51421    0.29355   0.27501   0.17785   0.00964  -0.21562  -0.48886  -0.80356  -1.15468
 127.63003    0.29483   0.27630   0.17909   0.01079  -0.21457  -0.48792  -0.80273  -1.15397
 127.74585    0.29616   0.27763   0.18037   0.01198  -0.21348  -0.48694  -0.80186  -1.15322
 127.86167    0.29754   0.27901   0.18170   0.01322  -0.21235  -0.48591  -0.80095  -1.15243
 127.97749    0.29897   0.28044   0.18307   0.01450  -0.21117  -0.48485  -0.80000  -1.15159
 128.09332    0.30044   0.28192   0.18448   0.01582  -0.20995  -0.48374  -0.79901  -1.15072
 128.20914    0.30196   0.28344   0.18594   0.01719  -0.20869  -0.48259  -0.79798  -1.14981
 128.32496    0.30352   0.28500   0.18745   0.01861  -0.20738  -0.48140  -0.79690  -1.14885
 128.44078    0.30513   0.28661   0.18900   0.02006  -0.20603  -0.48016  -0.79578  -1.14785
 128.55661    0.30678   0.28827   0.19059   0.02156  -0.20464  -0.47889  -0.79463  -1.14682
 128.67243    0.30848   0.28996   0.19223   0.02310  -0.20321  -0.47757  -0.79343  -1.14574
 128.78825    0.31023   0.29171   0.19391   0.02468  -0.20174  -0.47621  -0.79219  -1.14463
 128.90407    0.31202   0.29350   0.19563   0.02631  -0.20022  -0.47481  -0.79091  -1.14347
 129.01990    0.31385   0.29533   0.19740   0.02798  -0.19866  -0.47337  -0.78960  -1.14228
 129.13572    0.31573   0.29720   0.19921   0.02968  -0.19707  -0.47189  -0.78824  -1.14105
 129.25154    0.31765   0.29912   0.20106   0.03144  -0.19543  -0.47038  -0.78684  -1.13977
 129.36736    0.31961   0.30108   0.20295   0.03323  -0.19375  -0.46882  -0.78541  -1.13846
 129.48318    0.32162   0.30309   0.20489   0.03506  -0.19203  -0.46722  -0.78393  -1.13712
 129.59901    0.32367   0.30513   0.20686   0.03694  -0.19027  -0.46558  -0.78242  -1.13573
 129.71483    0.32577   0.30722   0.20888   0.03885  -0.18847  -0.46390  -0.78087  -1.13431
 129.83065    0.32791   0.30936   0.21094   0.04081  -0.18663  -0.46218  -0.77928  -1.13284
 129.94647    0.33009   0.31153   0.21304   0.04280  -0.18475  -0.46043  -0.77765  -1.13135
 130.06230    0.33231   0.31375   0.21519   0.04484  -0.18284  -0.45864  -0.77598  -1.12981
 130.17812    0.33457   0.31600   0.21737   0.04691  -0.18088  -0.45680  -0.77428  -1.12823
 130.29394    0.33688   0.31830   0.21959   0.04903  -0.17888  -0.45493  -0.77254  -1.12662
 130.40976    0.33923   0.32064   0.22186   0.05119  -0.17685  -0.45302  -0.77076  -1.12498
 130.52559    0.34162   0.32302   0.22416   0.05338  -0.17477  -0.45108  -0.76894  -1.12329
 130.64141    0.34405   0.32544   0.22650   0.05561  -0.17266  -0.44909  -0.76709  -1.12157
 130.75723    0.34652   0.32791   0.22889   0.05789  -0.17051  -0.44707  -0.76520  -1.11982
 130.87305    0.34903   0.33041   0.23131   0.06020  -0.16833  -0.44501  -0.76327  -1.11803
 130.98887    0.35159   0.33295   0.23377   0.06255  -0.16610  -0.44292  -0.76131  -1.11620
 131.10470    0.35418   0.33553   0.23627   0.06493  -0.16384  -0.44079  -0.75931  -1.11433
 131.22052    0.35681   0.33816   0.23881   0.06736  -0.16154  -0.43862  -0.75727  -1.11244
 131.33634    0.35949   0.34082   0.24139   0.06982  -0.15920  -0.43641  -0.75520  -1.11050
 131.45216    0.36220   0.34352   0.24401   0.07232  -0.15683  -0.43417  -0.75310  -1.10853
 131.56799    0.36495   0.34626   0.24666   0.07486  -0.15442  -0.43189  -0.75096  -1.10653
 131.68381    0.36775   0.34904   0.24935   0.07744  -0.15197  -0.42958  -0.74878  -1.10449
 131.79963    0.37058   0.35186   0.25208   0.08005  -0.14948  -0.42723  -0.74657  -1.10242
 131.91545    0.37345   0.35471   0.25485   0.08270  -0.14696  -0.42484  -0.74432  -1.10031
 132.03128    0.37636   0.35761   0.25766   0.08539  -0.14441  -0.42242  -0.74204  -1.09817
 132.14710    0.37930   0.36054   0.26050   0.08811  -0.14182  -0.41997  -0.73972  -1.09600
 132.26292    0.38229   0.36351   0.26338   0.09087  -0.13919  -0.41748  -0.73737  -1.09379
 132.37874    0.38531   0.36652   0.26630   0.09366  -0.13653  -0.41495  -0.73499  -1.09155
 132.49456    0.38838   0.36956   0.26925   0.09649  -0.13383  -0.41239  -0.73257  -1.08927
 132.61039    0.39148   0.37264   0.27224   0.09936  -0.13110  -0.40980  -0.73012  -1.08697
 132.72621    0.39461   0.37576   0.27527   0.10226  -0.12833  -0.40717  -0.72763  -1.08462
 132.84203    0.39779   0.37892   0.27833   0.10520  -0.12553  -0.40451  -0.72512  -1.08225
 132.95785    0.40100   0.38211   0.28143   0.10817  -0.12269  -0.40182  -0.72256  -1.07984
 133.07368    0.40425   0.38534   0.28456   0.11118  -0.11982  -0.39909  -0.71998  -1.07741
 133.18950    0.40753   0.38861   0.28773   0.11422  -0.11692  -0.39632  -0.71736  -1.07493
 133.30532    0.41085   0.39191   0.29093   0.11730  -0.11398  -0.39353  -0.71471  -1.07243
 133.42114    0.41421   0.39525   0.29417   0.12041  -0.11101  -0.39070  -0.71203  -1.06990
 133.53696    0.41761   0.39862   0.29745   0.12355  -0.10800  -0.38784  -0.70931  -1.06733
 133.65279    0.42104   0.40203   0.30076   0.12673  -0.10496  -0.38494  -0.70657  -1.06473
 133.76861    0.42450   0.40547   0.30410   0.12994  -0.10189  -0.38202  -0.70379  -1.06210
 133.88443    0.42800   0.40895   0.30748   0.13319  -0.09878  -0.37906  -0.70098  -1.05944
 134.00025    0.43154   0.41247   0.31089   0.13647  -0.09564  -0.37606  -0.69813  -1.05675
 134.11608    0.43511   0.41601   0.31434   0.13979  -0.09247  -0.37304  -0.69526  -1.05403
 134.23190    0.43872   0.41960   0.31782   0.14313  -0.08927  -0.36998  -0.69235  -1.05127
 134.34772    0.44236   0.42322   0.32133   0.14651  -0.08603  -0.36690  -0.68942  -1.04849
 134.46354    0.44604   0.42687   0.32488   0.14992  -0.08277  -0.36378  -0.68645  -1.04568
 134.57937    0.44975   0.43056   0.32846   0.15337  -0.07947  -0.36063  -0.68345  -1.04283
 134.69519    0.45349   0.43428   0.33207   0.15685  -0.07613  -0.35745  -0.68042  -1.03996
 134.81101    0.45727   0.43803   0.33572   0.16036  -0.07277  -0.35423  -0.67736  -1.03705
 134.92683    0.46108   0.44182   0.33940   0.16390  -0.06938  -0.35099  -0.67427  -1.03412
 135.04265    0.46493   0.44564   0.34311   0.16747  -0.06595  -0.34772  -0.67115  -1.03116
 135.15848    0.46881   0.44949   0.34685   0.17108  -0.06249  -0.34441  -0.66800  -1.02816
 135.27430    0.47272   0.45338   0.35063   0.17472  -0.05900  -0.34108  -0.66483  -1.02514
 135.39012    0.47667   0.45730   0.35444   0.17838  -0.05548  -0.33771  -0.66162  -1.02209
 135.50594    0.48065   0.46125   0.35828   0.18208  -0.05194  -0.33432  -0.65838  -1.01901
 135.62177    0.48466   0.46524   0.36215   0.18581  -0.04836  -0.33089  -0.65511  -1.01590
 135.73759    0.48871   0.46925   0.36605   0.18958  -0.04474  -0.32744  -0.65181  -1.01276
 135.85341    0.49279   0.47330   0.36999   0.19337  -0.04110  -0.32395  -0.64849  -1.00960
 135.96923    0.49690   0.47738   0.37396   0.19719  -0.03743  -0.32044  -0.64513  -1.00640
 136.08506    0.50104   0.48150   0.37795   0.20105  -0.03373  -0.31689  -0.64175  -1.00318
 136.20088    0.50521   0.48564   0.38198   0.20493  -0.03000  -0.31332  -0.63834  -0.99993
 136.31670    0.50942   0.48982   0.38604   0.20884  -0.02624  -0.30972  -0.63490  -0.99665
 136.43252    0.51366   0.49402   0.39013   0.21279  -0.02245  -0.30609  -0.63143  -0.99334
 136.54834    0.51792   0.49826   0.39425   0.21676  -0.01864  -0.30243  -0.62793  -0.99001
 136.66417    0.52222   0.50253   0.39840   0.22077  -0.01479  -0.29875  -0.62441  -0.98665
 136.77999    0.52656   0.50683   0.40258   0.22480  -0.01091  -0.29503  -0.62085  -0.98326
 136.89581    0.53092   0.51116   0.40679   0.22886  -0.00701  -0.29129  -0.61727  -0.97985
 137.01163    0.53531   0.51552   0.41103   0.23295  -0.00307  -0.28751  -0.61367  -0.97640
 137.12746    0.53974   0.51991   0.41530   0.23707   0.00089  -0.28371  -0.61003  -0.97293
 137.24328    0.54419   0.52434   0.41960   0.24122   0.00488  -0.27989  -0.60637  -0.96944
 137.35910    0.54867   0.52879   0.42393   0.24540   0.00890  -0.27603  -0.60268  -0.96592
 137.47492    0.55319   0.53327   0.42829   0.24961   0.01294  -0.27215  -0.59896  -0.96237
 137.59075    0.55773   0.53778   0.43268   0.25384   0.01702  -0.26824  -0.59522  -0.95879
 137.70657    0.56231   0.54232   0.43709   0.25810   0.02112  -0.26430  -0.59145  -0.95519
 137.82239    0.56691   0.54689   0.44154   0.26240   0.02525  -0.26034  -0.58766  -0.95157
 137.93821    0.57155   0.55149   0.44601   0.26671   0.02941  -0.25635  -0.58383  -0.94791
 138.05403    0.57621   0.55612   0.45051   0.27106   0.03359  -0.25233  -0.57998  -0.94423
 138.16986    0.58090   0.56078   0.45504   0.27544   0.03780  -0.24829  -0.57611  -0.94053
 138.28568    0.58562   0.56546   0.45960   0.27984   0.04204  -0.24422  -0.57221  -0.93680
 138.40150    0.59037   0.57018   0.46419   0.28427   0.04630  -0.24012  -0.56828  -0.93305
 138.51732    0.59515   0.57492   0.46880   0.28872   0.05059  -0.23600  -0.56433  -0.92927
 138.63315    0.59996   0.57969   0.47344   0.29321   0.05491  -0.23185  -0.56035  -0.92546
 138.74897    0.60480   0.58449   0.47811   0.29772   0.05926  -0.22768  -0.55635  -0.92163
 138.86479    0.60966   0.58932   0.48280   0.30226   0.06363  -0.22348  -0.55232  -0.91778
 138.98061    0.61455   0.59417   0.48753   0.30682   0.06802  -0.21925  -0.54827  -0.91390
 139.09644    0.61947   0.59905   0.49228   0.31141   0.07245  -0.21500  -0.54419  -0.91000
 139.21226    0.62442   0.60397   0.49706   0.31603   0.07690  -0.21072  -0.54009  -0.90607
 139.32808    0.62940   0.60890   0.50186   0.32067   0.08137  -0.20642  -0.53596  -0.90212
 139.44390    0.63440   0.61387   0.50669   0.32534   0.08587  -0.20210  -0.53181  -0.89814
 139.55972    0.63943   0.61886   0.51155   0.33004   0.09039  -0.19774  -0.52764  -0.89414
 139.67555    0.64449   0.62388   0.51643   0.33476   0.09494  -0.19337  -0.52344  -0.89012
 139.79137    0.64957   0.62892   0.52134   0.33950   0.09952  -0.18897  -0.51921  -0.88607
 139.90719    0.65469   0.63400   0.52628   0.34428   0.10412  -0.18454  -0.51496  -0.88200
 140.02301    0.65983   0.63910   0.53124   0.34907   0.10875  -0.18009  -0.51069  -0.87791
 140.13884    0.66499   0.64422   0.53623   0.35390   0.11340  -0.17562  -0.50640  -0.87379
 140.25466    0.67018   0.64937   0.54124   0.35874   0.11807  -0.17112  -0.50208  -0.86965
 140.37048    0.67540   0.65455   0.54628   0.36362   0.12277  -0.16660  -0.49773  -0.86549
 140.48630    0.68065   0.65975   0.55134   0.36852   0.12749  -0.16205  -0.49337  -0.86130
 140.60212    0.68592   0.66498   0.55643   0.37344   0.13224  -0.15748  -0.48898  -0.85709
 140.71795    0.69121   0.67024   0.56155   0.37838   0.13701  -0.15289  -0.48456  -0.85286
 140.83377    0.69653   0.67552   0.56668   0.38336   0.14181  -0.14827  -0.48013  -0.84861
 140.94959    0.70188   0.68082   0.57185   0.38835   0.14663  -0.14363  -0.47567  -0.84433
 141.06541    0.70726   0.68616   0.57704   0.39337   0.15147  -0.13897  -0.47119  -0.84003
 141.18124    0.71266   0.69151   0.58225   0.39842   0.15634  -0.13428  -0.46668  -0.83571
 141.29706    0.71808   0.69689   0.58749   0.40348   0.16123  -0.12957  -0.46216  -0.83137
 141.41288    0.72353   0.70230   0.59275   0.40858   0.16614  -0.12484  -0.45761  -0.82700
 141.52870    0.72900   0.70773   0.59804   0.41369   0.17108  -0.12009  -0.45304  -0.82262
 141.64453    0.73450   0.71319   0.60335   0.41883   0.17604  -0.11531  -0.44844  -0.81821
 141.76035    0.74003   0.71867   0.60868   0.42399   0.18102  -0.11051  -0.44383  -0.81378
 141.87617    0.74557   0.72417   0.61404   0.42918   0.18603  -0.10569  -0.43919  -0.80933
 141.99199    0.75115   0.72970   0.61942   0.43439   0.19105  -0.10084  -0.43453  -0.80486
 142.10781    0.75675   0.73525   0.62483   0.43962   0.19610  -0.09598  -0.42985  -0.80036
 142.22364    0.76237   0.74083   0.63026   0.44487   0.20118  -0.09109  -0.42515  -0.79585
 142.33946    0.76801   0.74643   0.63571   0.45015   0.20627  -0.08618  -0.42043  -0.79131
 142.45528    0.77368   0.75205   0.64118   0.45545   0.21139  -0.08125  -0.41568  -0.78676
 142.57110    0.77937   0.75770   0.64668   0.46077   0.21653  -0.07629  -0.41092  -0.78218
 142.68693    0.78509   0.76337   0.65220   0.46612   0.22169  -0.07132  -0.40613  -0.77758
 142.80275    0.79083   0.76907   0.65775   0.47149   0.22688  -0.06632  -0.40132  -0.77297
 142.91857    0.79660   0.77479   0.66331   0.47688   0.23208  -0.06131  -0.39650  -0.76833
 143.03439    0.80238   0.78053   0.66890   0.48229   0.23731  -0.05627  -0.39165  -0.76367
 143.15022    0.80819   0.78629   0.67451   0.48772   0.24256  -0.05121  -0.38678  -0.75899

# Minimas
 124.62646    0.27748 
 124.57905    0.25860 
 124.63631    0.16245 
 124.78077   -0.00392 
 124.96853   -0.22710 
 125.18510   -0.49824 
 125.42427   -0.81093 
 125.68295   -1.16021 

