        0.000000000000000         0.000000000000000
        2.000000000000000        -0.000000020013135
        4.000000000000000        -0.000000022159562
        6.000000000000000        -0.000000030368192
        8.000000000000000        -0.000000063589635
       10.000000000000000        -0.000000146312891
       12.000000000000000        -0.000000297178891
       14.000000000000000        -0.000000524335780
       16.000000000000000        -0.000000826900323
       18.000000000000000        -0.000001194732614
       20.000000000000000        -0.000001614269548
       22.000000000000000        -0.000002069896055
       24.000000000000000        -0.000002545357854
       26.000000000000000        -0.000003026794123
       28.000000000000000        -0.000003501733976
       30.000000000000000        -0.000003959871321
       32.000000000000000        -0.000004392956526
       34.000000000000000        -0.000004794580461
       36.000000000000000        -0.000005160140191
       38.000000000000000        -0.000005486651865
       40.000000000000000        -0.000005771665320
       42.000000000000000        -0.000006014261982
       44.000000000000000        -0.000006213983490
       46.000000000000000        -0.000006371298598
       48.000000000000000        -0.000006486966954
       50.000000000000000        -0.000006562471019
       52.000000000000000        -0.000006599771375
       54.000000000000000        -0.000006600429181
       56.000000000000000        -0.000006566751711
       58.000000000000000        -0.000006501080567
       60.000000000000000        -0.000006405772572
       62.000000000000000        -0.000006282914796
       64.000000000000000        -0.000006135094867
       66.000000000000000        -0.000005964780193
       68.000000000000000        -0.000005774172330
       70.000000000000000        -0.000005565183085
       72.000000000000000        -0.000005340000767
       74.000000000000000        -0.000005100903228
       76.000000000000000        -0.000004849424465
       78.000000000000000        -0.000004586925925
       80.000000000000000        -0.000004315570850
       82.000000000000000        -0.000004036860360
       84.000000000000000        -0.000003751808824
       86.000000000000000        -0.000003461800100
       88.000000000000000        -0.000003167946372
       90.000000000000000        -0.000002871164921
       92.000000000000000        -0.000002572446419
       94.000000000000000        -0.000002272909201
       96.000000000000000        -0.000001973133122
       98.000000000000000        -0.000001673618144
      100.000000000000000        -0.000001375251844
      102.000000000000000        -0.000001078328878
      104.000000000000000        -0.000000783022458
      106.000000000000000        -0.000000490531304
      108.000000000000000        -0.000000200689607
      110.000000000000000         0.000000086234318
      112.000000000000000         0.000000369563923
      114.000000000000000         0.000000649831145
      116.000000000000000         0.000000926038601
      118.000000000000000         0.000001198394766
      120.000000000000000         0.000001467119323
      122.000000000000000         0.000001731397755
      124.000000000000000         0.000001991145345
      126.000000000000000         0.000002247425766
      128.000000000000000         0.000002499273206
      130.000000000000000         0.000002746269900
      132.000000000000000         0.000002989666606
      134.000000000000000         0.000003228381716
      136.000000000000000         0.000003462560690
      138.000000000000000         0.000003693072660
      140.000000000000000         0.000003919417178
      142.000000000000000         0.000004141124835
      144.000000000000000         0.000004358696792
      146.000000000000000         0.000004572250030
      148.000000000000000         0.000004782190845
      150.000000000000000         0.000004987863129
      152.000000000000000         0.000005189593864
      154.000000000000000         0.000005387809072
      156.000000000000000         0.000005582030750
      158.000000000000000         0.000005772507546
      160.000000000000000         0.000005959378555
      162.000000000000000         0.000006142976570
      164.000000000000000         0.000006322997994
      166.000000000000000         0.000006499254901
      168.000000000000000         0.000006672685738
      170.000000000000000         0.000006842799135
      172.000000000000000         0.000007009354510
      174.000000000000000         0.000007173271548
      176.000000000000000         0.000007334311759
      178.000000000000000         0.000007491870687
      180.000000000000000         0.000007646509190
      182.000000000000000         0.000007798806509
      184.000000000000000         0.000007948461911
      186.000000000000000         0.000008095210562
      188.000000000000000         0.000008239048211
      190.000000000000000         0.000008380560962
      192.000000000000000         0.000008519535352
      194.000000000000000         0.000008656048718
      196.000000000000000         0.000008790522227
      198.000000000000000         0.000008922229289
      200.000000000000000         0.000009052277815
      202.000000000000000         0.000009179818482
      204.000000000000000         0.000009304877957
      206.000000000000000         0.000009428618860
      208.000000000000000         0.000009549533408
      210.000000000000000         0.000009668674683
      212.000000000000000         0.000009786287938
      214.000000000000000         0.000009901837581
      216.000000000000000         0.000010015452257
      218.000000000000000         0.000010127285325
      220.000000000000000         0.000010237592657
      222.000000000000000         0.000010346098611
      224.000000000000000         0.000010452950871
      226.000000000000000         0.000010557541552
      228.000000000000000         0.000010661072091
      230.000000000000000         0.000010763975607
      232.000000000000000         0.000010864256048
      234.000000000000000         0.000010963108162
      236.000000000000000         0.000011061185052
      238.000000000000000         0.000011157305813
      240.000000000000000         0.000011252156087
      242.000000000000000         0.000011345896015
      244.000000000000000         0.000011438097710
      246.000000000000000         0.000011528953238
      248.000000000000000         0.000011619098864
      250.000000000000000         0.000011707865600
      252.000000000000000         0.000011795426225
      254.000000000000000         0.000011881908983
      256.000000000000000         0.000011966998203
      258.000000000000000         0.000012051146978
      260.000000000000000         0.000012134020730
      262.000000000000000         0.000012215954379
      264.000000000000000         0.000012296961357
      266.000000000000000         0.000012377389931
      268.000000000000000         0.000012456652995
      270.000000000000000         0.000012534330118
      272.000000000000000         0.000012611452060
      274.000000000000000         0.000012688131484
      276.000000000000000         0.000012763646357
      278.000000000000000         0.000012838052674
      280.000000000000000         0.000012911909866
      282.000000000000000         0.000012984953381
      284.000000000000000         0.000013056572073
      286.000000000000000         0.000013128009499
      288.000000000000000         0.000013198691342
      290.000000000000000         0.000013268327560
      292.000000000000000         0.000013337718044
      294.000000000000000         0.000013405864666
      296.000000000000000         0.000013473357281
      298.000000000000000         0.000013540585052
      300.000000000000000         0.000013606569005
      302.000000000000000         0.000013672147213
      304.000000000000000         0.000013737548768
      306.000000000000000         0.000013801220087
      308.000000000000000         0.000013865102294
      310.000000000000000         0.000013928740656
      312.000000000000000         0.000013990759794
      314.000000000000000         0.000014052534006
      316.000000000000000         0.000014114034811
      318.000000000000000         0.000014174946614
      320.000000000000000         0.000014234930325
      322.000000000000000         0.000014294596090
      324.000000000000000         0.000014354086394
      326.000000000000000         0.000014412624730
      328.000000000000000         0.000014470415253
      330.000000000000000         0.000014528236986
      332.000000000000000         0.000014585339656
      334.000000000000000         0.000014642034264
      336.000000000000000         0.000014698331505
      338.000000000000000         0.000014753877291
      340.000000000000000         0.000014809181046
      342.000000000000000         0.000014864145622
      344.000000000000000         0.000014918574642
      346.000000000000000         0.000014972390536
      348.000000000000000         0.000015025931617
      350.000000000000000         0.000015079124653
      352.000000000000000         0.000015131654984
      354.000000000000000         0.000015184066586
      356.000000000000000         0.000015236183292
      358.000000000000000         0.000015287440425
      360.000000000000000         0.000015338871122
      362.000000000000000         0.000015389716339
      364.000000000000000         0.000015439839269
      366.000000000000000         0.000015490235818
      368.000000000000000         0.000015539794606
      370.000000000000000         0.000015588883048
      372.000000000000000         0.000015638187290
      374.000000000000000         0.000015686877279
      376.000000000000000         0.000015735169249
      378.000000000000000         0.000015783371733
      380.000000000000000         0.000015830969370
      382.000000000000000         0.000015878306459
      384.000000000000000         0.000015925548395
      386.000000000000000         0.000015972201825
      388.000000000000000         0.000016018802845
      390.000000000000000         0.000016064883097
      392.000000000000000         0.000016110727232
      394.000000000000000         0.000016156680794
      396.000000000000000         0.000016201840652
      398.000000000000000         0.000016246850012
      400.000000000000000         0.000016291676299
      402.000000000000000         0.000016336227000
      404.000000000000000         0.000016380535265
      406.000000000000000         0.000016424539715
      408.000000000000000         0.000016468304648
      410.000000000000000         0.000016511815721
      412.000000000000000         0.000016554984137
      414.000000000000000         0.000016597798549
      416.000000000000000         0.000016640834887
      418.000000000000000         0.000016683546124
      420.000000000000000         0.000016725442290
      422.000000000000000         0.000016767424350
      424.000000000000000         0.000016809477969
      426.000000000000000         0.000016851277984
      428.000000000000000         0.000016892430219
      430.000000000000000         0.000016933420365
      432.000000000000000         0.000016974704338
      434.000000000000000         0.000017015381182
      436.000000000000000         0.000017055808013
      438.000000000000000         0.000017096101776
      440.000000000000000         0.000017136346222
      442.000000000000000         0.000017176490682
      444.000000000000000         0.000017215845532
      446.000000000000000         0.000017255251036
      448.000000000000000         0.000017295005987
      450.000000000000000         0.000017334069015
      452.000000000000000         0.000017372895452
      454.000000000000000         0.000017411853873
      456.000000000000000         0.000017450410522
      458.000000000000000         0.000017488714527
      460.000000000000000         0.000017527193339
      462.000000000000000         0.000017565135390
      464.000000000000000         0.000017602958774
      466.000000000000000         0.000017640910929
      468.000000000000000         0.000017678361190
      470.000000000000000         0.000017715704644
      472.000000000000000         0.000017753001588
      474.000000000000000         0.000017790044163
      476.000000000000000         0.000017826955436
      478.000000000000000         0.000017863871193
      480.000000000000000         0.000017900334103
      482.000000000000000         0.000017936488087
      484.000000000000000         0.000017972985606
      486.000000000000000         0.000018009427611
      488.000000000000000         0.000018045356253
      490.000000000000000         0.000018081026301
      492.000000000000000         0.000018116879522
      494.000000000000000         0.000018152522243
      496.000000000000000         0.000018187955779
      498.000000000000000         0.000018223162776
      500.000000000000000         0.000018258234068
      502.000000000000000         0.000018293376016
      504.000000000000000         0.000018328230108
      506.000000000000000         0.000018363004252
      508.000000000000000         0.000018397835096
      510.000000000000000         0.000018432285358
      512.000000000000000         0.000018466443739
      514.000000000000000         0.000018500908346
      516.000000000000000         0.000018535031303
      518.000000000000000         0.000018569146230
      520.000000000000000         0.000018602929873
      522.000000000000000         0.000018636332712
      524.000000000000000         0.000018670183534
      526.000000000000000         0.000018703982924
      528.000000000000000         0.000018737465391
      530.000000000000000         0.000018770497630
      532.000000000000000         0.000018803677067
      534.000000000000000         0.000018837036237
      536.000000000000000         0.000018870021609
      538.000000000000000         0.000018902774681
      540.000000000000000         0.000018935564983
      542.000000000000000         0.000018968254819
      544.000000000000000         0.000019000897995
      546.000000000000000         0.000019033359345
      548.000000000000000         0.000019065486349
      550.000000000000000         0.000019097918451
      552.000000000000000         0.000019130246184
      554.000000000000000         0.000019162290430
      556.000000000000000         0.000019194046518
      558.000000000000000         0.000019226393882
      560.000000000000000         0.000019258012543
      562.000000000000000         0.000019289080541
      564.000000000000000         0.000019321424876
      566.000000000000000         0.000019352833021
      568.000000000000000         0.000019384065978
      570.000000000000000         0.000019415392053
      572.000000000000000         0.000019446807643
      574.000000000000000         0.000019477932508
      576.000000000000000         0.000019508535067
      578.000000000000000         0.000019540079337
      580.000000000000000         0.000019571078205
      582.000000000000000         0.000019601589123
      584.000000000000000         0.000019632780037
      586.000000000000000         0.000019663257063
      588.000000000000000         0.000019693518709
      590.000000000000000         0.000019724423809
      592.000000000000000         0.000019755053115
      594.000000000000000         0.000019785062538
      596.000000000000000         0.000019815340600
      598.000000000000000         0.000019845748913
      600.000000000000000         0.000019875634054
      602.000000000000000         0.000019906076583
      604.000000000000000         0.000019935746811
      606.000000000000000         0.000019965429945
      608.000000000000000         0.000019996215173
      610.000000000000000         0.000020025169067
      612.000000000000000         0.000020054828638
      614.000000000000000         0.000020085676334
      616.000000000000000         0.000020114458662
      618.000000000000000         0.000020143753161
      620.000000000000000         0.000020173812318
      622.000000000000000         0.000020202277371
      624.000000000000000         0.000020231702818
      626.000000000000000         0.000020262534558
      628.000000000000000         0.000020291153355
      630.000000000000000         0.000020319769515
      632.000000000000000         0.000020348884440
      634.000000000000000         0.000020377646997
      636.000000000000000         0.000020406822406
      638.000000000000000         0.000020436342487
      640.000000000000000         0.000020465706339
      642.000000000000000         0.000020493942809
      644.000000000000000         0.000020522671217
      646.000000000000000         0.000020551220607
      648.000000000000000         0.000020579136156
      650.000000000000000         0.000020607962424
      652.000000000000000         0.000020637485970
      654.000000000000000         0.000020665887941
      656.000000000000000         0.000020693958554
      658.000000000000000         0.000020722357821
      660.000000000000000         0.000020750099558
      662.000000000000000         0.000020778921529
      664.000000000000000         0.000020807424164
      666.000000000000000         0.000020835838311
      668.000000000000000         0.000020864180270
      670.000000000000000         0.000020891427352
      672.000000000000000         0.000020919500588
      674.000000000000000         0.000020948169974
      676.000000000000000         0.000020976020856
      678.000000000000000         0.000021003933756
      680.000000000000000         0.000021031870201
      682.000000000000000         0.000021060801527
      684.000000000000000         0.000021087620192
      686.000000000000000         0.000021114151224
      688.000000000000000         0.000021142507095
      690.000000000000000         0.000021169933627
      692.000000000000000         0.000021198576449
      694.000000000000000         0.000021226333426
      696.000000000000000         0.000021253243839
      698.000000000000000         0.000021281305101
      700.000000000000000         0.000021309526966
      702.000000000000000         0.000021335482090
      704.000000000000000         0.000021362344234
      706.000000000000000         0.000021391916403
      708.000000000000000         0.000021419525820
      710.000000000000000         0.000021444214408
      712.000000000000000         0.000021471859367
      714.000000000000000         0.000021501541323
      716.000000000000000         0.000021527521293
      718.000000000000000         0.000021554291568
      720.000000000000000         0.000021581268811
      722.000000000000000         0.000021608084800
      724.000000000000000         0.000021636743184
      726.000000000000000         0.000021663691764
      728.000000000000000         0.000021688997094
      730.000000000000000         0.000021716844330
      732.000000000000000         0.000021746014701
      734.000000000000000         0.000021771577696
      736.000000000000000         0.000021798445377
      738.000000000000000         0.000021824686258
      740.000000000000000         0.000021850297649
      742.000000000000000         0.000021878081127
      744.000000000000000         0.000021906252596
      746.000000000000000         0.000021933452687
      748.000000000000000         0.000021959440289
      750.000000000000000         0.000021985872460
      752.000000000000000         0.000022012585929
      754.000000000000000         0.000022039922095
      756.000000000000000         0.000022064764176
      758.000000000000000         0.000022092357133
      760.000000000000000         0.000022120080175
      762.000000000000000         0.000022145987196
      764.000000000000000         0.000022172805319
      766.000000000000000         0.000022198911185
      768.000000000000000         0.000022226128181
      770.000000000000000         0.000022253758552
      772.000000000000000         0.000022279419951
      774.000000000000000         0.000022304189018
      776.000000000000000         0.000022331638807
      778.000000000000000         0.000022358315333
      780.000000000000000         0.000022384457590
      782.000000000000000         0.000022411454260
      784.000000000000000         0.000022438530991
      786.000000000000000         0.000022462856610
      788.000000000000000         0.000022487995899
      790.000000000000000         0.000022518151073
      792.000000000000000         0.000022545857471
      794.000000000000000         0.000022569855713
      796.000000000000000         0.000022596408450
      798.000000000000000         0.000022622194249
