        0.000000000000000       124.626460398861539
        2.000000000000000       124.626455726702119
        4.000000000000000       124.626450422197408
        6.000000000000000       124.626444680031923
        8.000000000000000       124.626435283478116
       10.000000000000000       124.626412980233923
       12.000000000000000       124.626362345674934
       14.000000000000000       124.626264834937103
       16.000000000000000       124.626100961635814
       18.000000000000000       124.625852621484341
       20.000000000000000       124.625505383353058
       22.000000000000000       124.625047904851399
       24.000000000000000       124.624473539772964
       26.000000000000000       124.623779049321456
       28.000000000000000       124.622964697684864
       30.000000000000000       124.622033463442548
       32.000000000000000       124.620990748819736
       34.000000000000000       124.619843645064364
       36.000000000000000       124.618600749350151
       38.000000000000000       124.617271447263349
       40.000000000000000       124.615865823011049
       42.000000000000000       124.614394482979080
       44.000000000000000       124.612867968550404
       46.000000000000000       124.611297113762191
       48.000000000000000       124.609692225420176
       50.000000000000000       124.608063757939760
       52.000000000000000       124.606421278191590
       54.000000000000000       124.604774262370356
       56.000000000000000       124.603131498239136
       58.000000000000000       124.601501311062478
       60.000000000000000       124.599891320644147
       62.000000000000000       124.598308676797060
       64.000000000000000       124.596759958415745
       66.000000000000000       124.595251025026968
       68.000000000000000       124.593787225274170
       70.000000000000000       124.592373321032056
       72.000000000000000       124.591013707799860
       74.000000000000000       124.589712056597065
       76.000000000000000       124.588471627542091
       78.000000000000000       124.587295327067508
       80.000000000000000       124.586185736762801
       82.000000000000000       124.585144685021703
       84.000000000000000       124.584174005434534
       86.000000000000000       124.583275021008291
       88.000000000000000       124.582448875858688
       90.000000000000000       124.581696338940588
       92.000000000000000       124.581018097473191
       94.000000000000000       124.580414426965049
       96.000000000000000       124.579885457592212
       98.000000000000000       124.579431176171909
      100.000000000000000       124.579051464006795
      102.000000000000000       124.578745865890738
      104.000000000000000       124.578514116570020
      106.000000000000000       124.578355674793499
      108.000000000000000       124.578269678236794
      110.000000000000000       124.578255668537565
      112.000000000000000       124.578312649920534
      114.000000000000000       124.578439827137203
      116.000000000000000       124.578636469721346
      118.000000000000000       124.578901285642218
      120.000000000000000       124.579233648534483
      122.000000000000000       124.579632376046177
      124.000000000000000       124.580096436117898
      126.000000000000000       124.580624604362541
      128.000000000000000       124.581216378940795
      130.000000000000000       124.581870054346624
      132.000000000000000       124.582584920700185
      134.000000000000000       124.583359895921987
      136.000000000000000       124.584193731265103
      138.000000000000000       124.585085417249374
      140.000000000000000       124.586034138356297
      142.000000000000000       124.587038635818985
      144.000000000000000       124.588097860275525
      146.000000000000000       124.589210802788941
      148.000000000000000       124.590376472366913
      150.000000000000000       124.591594062619762
      152.000000000000000       124.592862255639659
      154.000000000000000       124.594180408033452
      156.000000000000000       124.595547414261702
      158.000000000000000       124.596962392741332
      160.000000000000000       124.598424361884369
      162.000000000000000       124.599932509454092
      164.000000000000000       124.601486019748720
      166.000000000000000       124.603083929238537
      168.000000000000000       124.604725328564342
      170.000000000000000       124.606409721932664
      172.000000000000000       124.608135955095108
      174.000000000000000       124.609903412331789
      176.000000000000000       124.611711397794267
      178.000000000000000       124.613559176892480
      180.000000000000000       124.615445752479275
      182.000000000000000       124.617370669497006
      184.000000000000000       124.619333219525146
      186.000000000000000       124.621332797590938
      188.000000000000000       124.623368563243133
      190.000000000000000       124.625439909358292
      192.000000000000000       124.627546287629485
      194.000000000000000       124.629686984503778
      196.000000000000000       124.631861490198659
      198.000000000000000       124.634069301098421
      200.000000000000000       124.636309545172949
      202.000000000000000       124.638582271097732
      204.000000000000000       124.640886183417251
      206.000000000000000       124.643221344035481
      208.000000000000000       124.645587037127385
      210.000000000000000       124.647982572825740
      212.000000000000000       124.650407760300752
      214.000000000000000       124.652862031953632
      216.000000000000000       124.655344929876350
      218.000000000000000       124.657855950576774
      220.000000000000000       124.660394712577229
      222.000000000000000       124.662960839942741
      224.000000000000000       124.665553813720976
      226.000000000000000       124.668173331580149
      228.000000000000000       124.670818571401398
      230.000000000000000       124.673489829918040
      232.000000000000000       124.676186501015110
      234.000000000000000       124.678907885971228
      236.000000000000000       124.681653974425643
      238.000000000000000       124.684424393360104
      240.000000000000000       124.687218543437908
      242.000000000000000       124.690036393540623
      244.000000000000000       124.692877424186250
      246.000000000000000       124.695741390803676
      248.000000000000000       124.698627869672080
      250.000000000000000       124.701536933545611
      252.000000000000000       124.704467825010198
      254.000000000000000       124.707420702946294
      256.000000000000000       124.710394873899190
      258.000000000000000       124.713390339231466
      260.000000000000000       124.716406631487843
      262.000000000000000       124.719443585085301
      264.000000000000000       124.722500899619845
      266.000000000000000       124.725578416180710
      268.000000000000000       124.728676008093345
      270.000000000000000       124.731793223523056
      272.000000000000000       124.734929725983065
      274.000000000000000       124.738085577868659
      276.000000000000000       124.741260498906513
      278.000000000000000       124.744454191209144
      280.000000000000000       124.747666402401308
      282.000000000000000       124.750897113707580
      284.000000000000000       124.754145940734290
      286.000000000000000       124.757412559699006
      288.000000000000000       124.760697206722938
      290.000000000000000       124.763999271435154
      292.000000000000000       124.767318845163246
      294.000000000000000       124.770655716714430
      296.000000000000000       124.774009479262574
      298.000000000000000       124.777380215950686
      300.000000000000000       124.780767714180271
      302.000000000000000       124.784171568456330
      304.000000000000000       124.787591984434272
      306.000000000000000       124.791028670978321
      308.000000000000000       124.794481058240336
      310.000000000000000       124.797949823960678
      312.000000000000000       124.801434171350380
      314.000000000000000       124.804934091510276
      316.000000000000000       124.808449473672241
      318.000000000000000       124.811980294712669
      320.000000000000000       124.815526286302273
      322.000000000000000       124.819087255993296
      324.000000000000000       124.822663240048868
      326.000000000000000       124.826254117161696
      328.000000000000000       124.829859535877191
      330.000000000000000       124.833479476775494
      332.000000000000000       124.837113977371772
      334.000000000000000       124.840762643611413
      336.000000000000000       124.844425668268244
      338.000000000000000       124.848102662631646
      340.000000000000000       124.851793642614950
      342.000000000000000       124.855498473895565
      344.000000000000000       124.859217123859210
      346.000000000000000       124.862949360097161
      348.000000000000000       124.866695111224331
      350.000000000000000       124.870454313785146
      352.000000000000000       124.874226859808701
      354.000000000000000       124.878012528654239
      356.000000000000000       124.881811484038067
      358.000000000000000       124.885623417332482
      360.000000000000000       124.889448210149581
      362.000000000000000       124.893286069934888
      364.000000000000000       124.897136499130511
      366.000000000000000       124.900999636785869
      368.000000000000000       124.904875482883853
      370.000000000000000       124.908763621227038
      372.000000000000000       124.912664235314651
      374.000000000000000       124.916577251779643
      376.000000000000000       124.920502439384492
      378.000000000000000       124.924439832773857
      380.000000000000000       124.928389354873971
      382.000000000000000       124.932350782795140
      384.000000000000000       124.936324211483310
      386.000000000000000       124.940309500705339
      388.000000000000000       124.944306498840987
      390.000000000000000       124.948315333554902
      392.000000000000000       124.952335619157168
      394.000000000000000       124.956367625539386
      396.000000000000000       124.960411139736877
      398.000000000000000       124.964465980215891
      400.000000000000000       124.968532255479232
      402.000000000000000       124.972609767716264
      404.000000000000000       124.976698579166793
      406.000000000000000       124.980798508589643
      408.000000000000000       124.984909587521784
      410.000000000000000       124.989031666859560
      412.000000000000000       124.993164770953669
      414.000000000000000       124.997308706299521
      416.000000000000000       125.001463491550041
      418.000000000000000       125.005629221157818
      420.000000000000000       125.009805640273441
      422.000000000000000       125.013992598317515
      424.000000000000000       125.018190290927876
      426.000000000000000       125.022398560379344
      428.000000000000000       125.026617439697162
      430.000000000000000       125.030846574021695
      432.000000000000000       125.035086239231674
      434.000000000000000       125.039336308504772
      436.000000000000000       125.043596607112036
      438.000000000000000       125.047867186812610
      440.000000000000000       125.052147931369049
      442.000000000000000       125.056438934423596
      444.000000000000000       125.060740054401592
      446.000000000000000       125.065051039955023
      448.000000000000000       125.069372169807622
      450.000000000000000       125.073703342116758
      452.000000000000000       125.078044314630503
      454.000000000000000       125.082395213265798
      456.000000000000000       125.086755980180783
      458.000000000000000       125.091126474236802
      460.000000000000000       125.095506712183806
      462.000000000000000       125.099896766764672
      464.000000000000000       125.104296298679714
      466.000000000000000       125.108705589845499
      468.000000000000000       125.113124424806514
      470.000000000000000       125.117552769858406
      472.000000000000000       125.121990607249174
      474.000000000000000       125.126437933450191
      476.000000000000000       125.130894626676550
      478.000000000000000       125.135360744978755
      480.000000000000000       125.139836234540553
      482.000000000000000       125.144320924491623
      484.000000000000000       125.148814833026066
      486.000000000000000       125.153318115882115
      488.000000000000000       125.157830591517737
      490.000000000000000       125.162352186445773
      492.000000000000000       125.166882846644825
      494.000000000000000       125.171422719792233
      496.000000000000000       125.175971554785264
      498.000000000000000       125.180529499933357
      500.000000000000000       125.185096295447366
      502.000000000000000       125.189672135093360
      504.000000000000000       125.194256862430350
      506.000000000000000       125.198850491685178
      508.000000000000000       125.203452970526271
      510.000000000000000       125.208064381609958
      512.000000000000000       125.212684453613292
      514.000000000000000       125.217313313581641
      516.000000000000000       125.221950989760941
      518.000000000000000       125.226597284707310
      520.000000000000000       125.231252393748377
      522.000000000000000       125.235915957531830
      524.000000000000000       125.240588146537704
      526.000000000000000       125.245269016598414
      528.000000000000000       125.249958488029790
      530.000000000000000       125.254656483648233
      532.000000000000000       125.259362856960266
      534.000000000000000       125.264077830083195
      536.000000000000000       125.268801272853210
      538.000000000000000       125.273533130030955
      540.000000000000000       125.278273342334117
      542.000000000000000       125.283021989574408
      544.000000000000000       125.287778943476511
      546.000000000000000       125.292544310805226
      548.000000000000000       125.297317895553078
      550.000000000000000       125.302099728021062
      552.000000000000000       125.306889932682296
      554.000000000000000       125.311688334632748
      556.000000000000000       125.316494968547019
      558.000000000000000       125.321309657168129
      560.000000000000000       125.326132875992272
      562.000000000000000       125.330963786123917
      564.000000000000000       125.335802952211111
      566.000000000000000       125.340650451327761
      568.000000000000000       125.345505738926875
      570.000000000000000       125.350369273540892
      572.000000000000000       125.355240645180430
      574.000000000000000       125.360120310548254
      576.000000000000000       125.365007669030746
      578.000000000000000       125.369903061141443
      580.000000000000000       125.374806620440125
      582.000000000000000       125.379717941722546
      584.000000000000000       125.384637187301749
      586.000000000000000       125.389564537730337
      588.000000000000000       125.394499456263887
      590.000000000000000       125.399442373414317
      592.000000000000000       125.404393183251088
      594.000000000000000       125.409351855207063
      596.000000000000000       125.414318110728274
      598.000000000000000       125.419292364924743
      600.000000000000000       125.424274269868818
      602.000000000000000       125.429263912832369
      604.000000000000000       125.434261488001596
      606.000000000000000       125.439266415546243
      608.000000000000000       125.444279283545285
      610.000000000000000       125.449300058749543
      612.000000000000000       125.454327857317551
      614.000000000000000       125.459363918937768
      616.000000000000000       125.464407602024593
      618.000000000000000       125.469458513498836
      620.000000000000000       125.474517305230563
      622.000000000000000       125.479583710949910
      624.000000000000000       125.484657198648918
      626.000000000000000       125.489738784120590
      628.000000000000000       125.494828159324001
      630.000000000000000       125.499924523334315
      632.000000000000000       125.505028677485882
      634.000000000000000       125.510140072635238
      636.000000000000000       125.515259082801862
      638.000000000000000       125.520385543040405
      640.000000000000000       125.525519793154018
      642.000000000000000       125.530661416744920
      644.000000000000000       125.535810265937243
      646.000000000000000       125.540966737385219
      648.000000000000000       125.546130346347582
      650.000000000000000       125.551301261026495
      652.000000000000000       125.556479772342314
      654.000000000000000       125.561665941385243
      656.000000000000000       125.566859145614288
      658.000000000000000       125.572059842900771
      660.000000000000000       125.577267742239954
      662.000000000000000       125.582482806132020
      664.000000000000000       125.587705616462756
      666.000000000000000       125.592935432774439
      668.000000000000000       125.598172952845417
      670.000000000000000       125.603417444462892
      672.000000000000000       125.608669091528384
      674.000000000000000       125.613928126970649
      676.000000000000000       125.619194619198453
      678.000000000000000       125.624468090355606
      680.000000000000000       125.629749051221978
      682.000000000000000       125.635037004657207
      684.000000000000000       125.640332949538987
      686.000000000000000       125.645634827145258
      688.000000000000000       125.650944553276489
      690.000000000000000       125.656261131092023
      692.000000000000000       125.661585092108254
      694.000000000000000       125.666916517965262
      696.000000000000000       125.672254883590568
      698.000000000000000       125.677600290272395
      700.000000000000000       125.682953217014955
      702.000000000000000       125.688313267395515
      704.000000000000000       125.693679700041656
      706.000000000000000       125.699053714010816
      708.000000000000000       125.704435474637762
      710.000000000000000       125.709823831616362
      712.000000000000000       125.715218468299625
      714.000000000000000       125.720621189581152
      716.000000000000000       125.726031216826229
      718.000000000000000       125.731447468837487
      720.000000000000000       125.736871425938375
      722.000000000000000       125.742301713724217
      724.000000000000000       125.747739627212013
      726.000000000000000       125.753184799917335
      728.000000000000000       125.758636740147509
      730.000000000000000       125.764095114744677
      732.000000000000000       125.769561537251235
      734.000000000000000       125.775035061681137
      736.000000000000000       125.780514821043568
      738.000000000000000       125.786002340408487
      740.000000000000000       125.791495781190392
      742.000000000000000       125.796996666906622
      744.000000000000000       125.802504568784855
      746.000000000000000       125.808020112675678
      748.000000000000000       125.813542185812196
      750.000000000000000       125.819071292544166
      752.000000000000000       125.824607154029920
      754.000000000000000       125.830150192451796
      756.000000000000000       125.835700300859742
      758.000000000000000       125.841256332659796
      760.000000000000000       125.846820820767547
      762.000000000000000       125.852391299724957
      764.000000000000000       125.857969322552833
      766.000000000000000       125.863553796731551
      768.000000000000000       125.869145457961523
      770.000000000000000       125.874744131775429
      772.000000000000000       125.880350202616526
      774.000000000000000       125.885962296518542
      776.000000000000000       125.891581339807786
      778.000000000000000       125.897207757811600
      780.000000000000000       125.902840737690099
      782.000000000000000       125.908480825007615
      784.000000000000000       125.914127906325902
      786.000000000000000       125.919782137252540
      788.000000000000000       125.925441978367971
      790.000000000000000       125.931109380543674
      792.000000000000000       125.936784921351475
      794.000000000000000       125.942466791756402
      796.000000000000000       125.948154934566190
      798.000000000000000       125.953850695565976
