   0.000000000000000        82.409523097042410
   2.000000000000000        82.409611631328318
   4.000000000000000        82.409685549307483
   6.000000000000000        82.409795139994458
   8.000000000000000        82.409807348218138
  10.000000000000000        82.409542249084637
  12.000000000000000        82.408764189100268
  14.000000000000000        82.407271531404660
  16.000000000000000        82.404821178404802
  18.000000000000000        82.401267044669908
  20.000000000000000        82.396555079183941
  22.000000000000000        82.390643572683970
  24.000000000000000        82.383550490036470
  26.000000000000000        82.375243820925007
  28.000000000000000        82.365841283601100
  30.000000000000000        82.355327894932387
  32.000000000000000        82.343797172992936
  34.000000000000000        82.331224385443363
  36.000000000000000        82.317681418241918
  38.000000000000000        82.303203018075109
  40.000000000000000        82.287776223705777
  42.000000000000000        82.271470319659301
  44.000000000000000        82.254241100397820
  46.000000000000000        82.236130402979100
  48.000000000000000        82.217122498948328
  50.000000000000000        82.197269713507055
  52.000000000000000        82.176493251345860
  54.000000000000000        82.154850497471415
  56.000000000000000        82.132348017760961
  58.000000000000000        82.108959359432731
  60.000000000000000        82.084728221369829
  62.000000000000000        82.059663947569391
  64.000000000000000        82.033727289307947
  66.000000000000000        82.006990334031926
  68.000000000000000        81.979425815423554
  70.000000000000000        81.951065444441781
  72.000000000000000        81.921933240695552
  74.000000000000000        81.892037240728058
  76.000000000000000        81.861437258700278
  78.000000000000000        81.830079606213872
  80.000000000000000        81.798028878250761
  82.000000000000000        81.765332299563951
  84.000000000000000        81.731967895945374
  86.000000000000000        81.697991861876062
  88.000000000000000        81.663424905309654
  90.000000000000000        81.628239821346781
  92.000000000000000        81.592500707300673
  94.000000000000000        81.556225491517466
  96.000000000000000        81.519456232341810
  98.000000000000000        81.482163073080386
 100.000000000000000        81.444407179395469
 102.000000000000000        81.406174512237229
 104.000000000000000        81.367531412502132
 106.000000000000000        81.328460065557579
 108.000000000000000        81.288973712767316
 110.000000000000000        81.249144158547779
 112.000000000000000        81.208934969513948
 114.000000000000000        81.168344155931351
 116.000000000000000        81.127472717088210
 118.000000000000000        81.086256479498545
 120.000000000000000        81.044721641667152
 122.000000000000000        81.002911576684838
 124.000000000000000        80.960813087935307
 126.000000000000000        80.918454952051519
 128.000000000000000        80.875843185923330
 130.000000000000000        80.832989720775657
 132.000000000000000        80.789897321572681
 134.000000000000000        80.746598837301065
 136.000000000000000        80.703064157387701
 138.000000000000000        80.659365061286010
 140.000000000000000        80.615447589612728
 142.000000000000000        80.571345790831515
 144.000000000000000        80.527076158623174
 146.000000000000000        80.482647842033543
 148.000000000000000        80.438017712903914
 150.000000000000000        80.393288403845034
 152.000000000000000        80.348402424463600
 154.000000000000000        80.303364175660519
 156.000000000000000        80.258196846483727
 158.000000000000000        80.212903009538678
 160.000000000000000        80.167482341314425
 162.000000000000000        80.121957531089762
 164.000000000000000        80.076287761142524
 166.000000000000000        80.030571457383914
 168.000000000000000        79.984719660740382
 170.000000000000000        79.938710636649390
 172.000000000000000        79.892678301342372
 174.000000000000000        79.846562181101447
 176.000000000000000        79.800340477483175
 178.000000000000000        79.754041651335626
 180.000000000000000        79.707666059868359
 182.000000000000000        79.661200062557327
 184.000000000000000        79.614698948666799
 186.000000000000000        79.568103565071269
 188.000000000000000        79.521440637337705
 190.000000000000000        79.474735119253523
 192.000000000000000        79.427957530621953
 194.000000000000000        79.381155437329951
 196.000000000000000        79.334220023662496
 198.000000000000000        79.287319633402433
 200.000000000000000        79.240311433007975
 202.000000000000000        79.193245068244991
 204.000000000000000        79.146209844156175
 206.000000000000000        79.099105294119440
 208.000000000000000        79.051932777029506
 210.000000000000000        79.004699521120372
 212.000000000000000        78.957488455495948
 214.000000000000000        78.910253823302355
 216.000000000000000        78.862893788276011
 218.000000000000000        78.815569053810648
 220.000000000000000        78.768200188451459
 222.000000000000000        78.720779176592401
 224.000000000000000        78.673361573161955
 226.000000000000000        78.625883799420663
 228.000000000000000        78.578397849606603
 230.000000000000000        78.530923190190592
 232.000000000000000        78.483364816996740
 234.000000000000000        78.435800713340939
 236.000000000000000        78.388259498914579
 238.000000000000000        78.340667102134177
 240.000000000000000        78.293004498594172
 242.000000000000000        78.245418205718408
 244.000000000000000        78.197776175058863
 246.000000000000000        78.150144536108414
 248.000000000000000        78.102460191209317
 250.000000000000000        78.054704911882922
 252.000000000000000        78.007039428019411
 254.000000000000000        77.959316751658093
 256.000000000000000        77.911587957317010
 258.000000000000000        77.863856895783442
 260.000000000000000        77.816071909395163
 262.000000000000000        77.768355714522826
 264.000000000000000        77.720519474963254
 266.000000000000000        77.672824147717677
 268.000000000000000        77.624992333947134
 270.000000000000000        77.577173664426923
 272.000000000000000        77.529429761331983
 274.000000000000000        77.481560695676919
 276.000000000000000        77.433730802759825
 278.000000000000000        77.385948173974384
 280.000000000000000        77.338164616187797
 282.000000000000000        77.290279687631468
 284.000000000000000        77.242467316046984
 286.000000000000000        77.194648693125558
 288.000000000000000        77.146800712549023
 290.000000000000000        77.098980303468721
 292.000000000000000        77.051052090655730
 294.000000000000000        77.003233125261630
 296.000000000000000        76.955413537182068
 298.000000000000000        76.907476389653908
 300.000000000000000        76.859696583057570
 302.000000000000000        76.811852349705873
 304.000000000000000        76.763967389972379
 306.000000000000000        76.716081583017043
 308.000000000000000        76.668299448331297
 310.000000000000000        76.620406005132310
 312.000000000000000        76.572594134192101
 314.000000000000000        76.524704114156378
 316.000000000000000        76.476902365816997
 318.000000000000000        76.429054896157822
 320.000000000000000        76.381234829860247
 322.000000000000000        76.333372340637496
 324.000000000000000        76.285545684061958
 326.000000000000000        76.237749865296507
 328.000000000000000        76.189865415639503
 330.000000000000000        76.142044742089965
 332.000000000000000        76.094190403706634
 334.000000000000000        76.046377260540694
 336.000000000000000        75.998625862832469
 338.000000000000000        75.950829632814788
 340.000000000000000        75.902985989511890
 342.000000000000000        75.855193496454632
 344.000000000000000        75.807413518724701
 346.000000000000000        75.759583518632496
 348.000000000000000        75.711717759592688
 350.000000000000000        75.664036128515420
 352.000000000000000        75.616309068362455
 354.000000000000000        75.568441937901056
 356.000000000000000        75.520724841375824
 358.000000000000000        75.472898784370855
 360.000000000000000        75.425185669135288
 362.000000000000000        75.377417039148085
 364.000000000000000        75.329707437640167
 366.000000000000000        75.281890245103710
 368.000000000000000        75.234197673871108
 370.000000000000000        75.186447566216714
 372.000000000000000        75.138747791325216
 374.000000000000000        75.091086119643734
 376.000000000000000        75.043317480727993
 378.000000000000000        74.995688942094006
 380.000000000000000        74.947958721067721
 382.000000000000000        74.900261426558387
 384.000000000000000        74.852564180937236
 386.000000000000000        74.804887997307304
 388.000000000000000        74.757253895745507
 390.000000000000000        74.709589695152033
 392.000000000000000        74.661925328822065
 394.000000000000000        74.614273456827974
 396.000000000000000        74.566680155923180
 398.000000000000000        74.519055140521786
 400.000000000000000        74.471415198863156
 402.000000000000000        74.423804988088875
 404.000000000000000        74.376222907103568
 406.000000000000000        74.328700256068018
 408.000000000000000        74.281048398360696
 410.000000000000000        74.233437795871239
 412.000000000000000        74.185896876872306
 414.000000000000000        74.138330723211936
 416.000000000000000        74.090859036780714
 418.000000000000000        74.043271631579984
 420.000000000000000        73.995803270948855
 422.000000000000000        73.948166843712229
 424.000000000000000        73.900699743219562
 426.000000000000000        73.853225131044937
 428.000000000000000        73.805693072757535
 430.000000000000000        73.758183594199949
 432.000000000000000        73.710664006853435
 434.000000000000000        73.663157154310070
 436.000000000000000        73.615782542312900
 438.000000000000000        73.568391082156708
 440.000000000000000        73.520882640829726
 442.000000000000000        73.473438303370841
 444.000000000000000        73.426065690325174
 446.000000000000000        73.378559724775641
 448.000000000000000        73.331148087963925
 450.000000000000000        73.283803168409761
 452.000000000000000        73.236359513306653
 454.000000000000000        73.188935974532583
 456.000000000000000        73.141546638375900
 458.000000000000000        73.094215433376476
 460.000000000000000        73.046924803189782
 462.000000000000000        72.999593557657533
 464.000000000000000        72.952245280756571
 466.000000000000000        72.904886747846049
 468.000000000000000        72.857703405833931
 470.000000000000000        72.810194288397568
 472.000000000000000        72.762951885717229
 474.000000000000000        72.715631991946807
 476.000000000000000        72.668460326026349
 478.000000000000000        72.621153575902454
 480.000000000000000        72.573892055090852
 482.000000000000000        72.526687827511466
 484.000000000000000        72.479343940769112
 486.000000000000000        72.432181673835089
 488.000000000000000        72.384955551717326
 490.000000000000000        72.337801095574349
 492.000000000000000        72.290560990178776
 494.000000000000000        72.243396395778632
 496.000000000000000        72.196210663499485
 498.000000000000000        72.148985033176132
 500.000000000000000        72.101862749046077
 502.000000000000000        72.054724743979847
 504.000000000000000        72.007563800136026
 506.000000000000000        71.960403892631817
 508.000000000000000        71.913358354571955
 510.000000000000000        71.866226874555096
 512.000000000000000        71.819114869861451
 514.000000000000000        71.772018328766947
 516.000000000000000        71.724994128180441
 518.000000000000000        71.677902710474797
 520.000000000000000        71.630854793609132
 522.000000000000000        71.583733385902150
 524.000000000000000        71.536749855744546
 526.000000000000000        71.489720638121767
 528.000000000000000        71.442699218824885
 530.000000000000000        71.395653417913380
 532.000000000000000        71.348626385677619
 534.000000000000000        71.301732604884904
 536.000000000000000        71.254789816527591
 538.000000000000000        71.207719272359483
 540.000000000000000        71.160788477424575
 542.000000000000000        71.113845888065100
 544.000000000000000        71.066906605368928
 546.000000000000000        71.019951751838533
 548.000000000000000        70.973072057053344
 550.000000000000000        70.926137057127193
 552.000000000000000        70.879274781128601
 554.000000000000000        70.832399953304261
 556.000000000000000        70.785509559838815
 558.000000000000000        70.738726969689509
 560.000000000000000        70.691730871470540
 562.000000000000000        70.644986772351174
 564.000000000000000        70.598179192628479
 566.000000000000000        70.551174811611446
 568.000000000000000        70.504611106606575
 570.000000000000000        70.457742080839679
 572.000000000000000        70.410877480055007
 574.000000000000000        70.364022023844498
 576.000000000000000        70.317330670067804
 578.000000000000000        70.270624364449844
 580.000000000000000        70.223846909744907
 582.000000000000000        70.177039065531019
 584.000000000000000        70.130378919945827
 586.000000000000000        70.083485637935908
 588.000000000000000        70.036854272623629
 590.000000000000000        69.990244937742020
 592.000000000000000        69.943518407172562
 594.000000000000000        69.896862846166570
 596.000000000000000        69.850180080067901
 598.000000000000000        69.803540762607568
 600.000000000000000        69.756857733570911
 602.000000000000000        69.710328896867125
 604.000000000000000        69.663524282975871
 606.000000000000000        69.617026827915879
 608.000000000000000        69.570342562745566
 610.000000000000000        69.523929779031434
 612.000000000000000        69.477232129926776
 614.000000000000000        69.430718339475959
 616.000000000000000        69.384099089906456
 618.000000000000000        69.337571453261560
 620.000000000000000        69.291067007648735
 622.000000000000000        69.244553445356431
 624.000000000000000        69.198059274850635
 626.000000000000000        69.151494816579913
 628.000000000000000        69.104881908779902
 630.000000000000000        69.058553822968719
 632.000000000000000        69.011945375273086
 634.000000000000000        68.965650024617290
 636.000000000000000        68.919078302441150
 638.000000000000000        68.872671834784015
 640.000000000000000        68.826278432529193
 642.000000000000000        68.779778888947945
 644.000000000000000        68.733403064965131
 646.000000000000000        68.686938494166370
 648.000000000000000        68.640658145089134
 650.000000000000000        68.594252572748104
 652.000000000000000        68.547862747772001
 654.000000000000000        68.501361657994224
 656.000000000000000        68.455155830813538
 658.000000000000000        68.408850473728521
 660.000000000000000        68.362599341588961
 662.000000000000000        68.316157968616992
 664.000000000000000        68.269909424969086
 666.000000000000000        68.223593629006146
 668.000000000000000        68.177318253228393
 670.000000000000000        68.131095160444275
 672.000000000000000        68.084907703317029
 674.000000000000000        68.038564602031485
 676.000000000000000        67.992220081576065
 678.000000000000000        67.946046069638555
 680.000000000000000        67.899888236895848
 682.000000000000000        67.853618878908705
 684.000000000000000        67.807447149935498
 686.000000000000000        67.761312504549210
 688.000000000000000        67.715053959002034
 690.000000000000000        67.669106566392415
 692.000000000000000        67.622701402871087
 694.000000000000000        67.576572711775327
 696.000000000000000        67.530413042491276
 698.000000000000000        67.484424792033977
 700.000000000000000        67.438259920277929
 702.000000000000000        67.392125749802901
 704.000000000000000        67.346100957670785
 706.000000000000000        67.299904462471503
 708.000000000000000        67.253879066349143
 710.000000000000000        67.207935560902612
 712.000000000000000        67.161826324493333
 714.000000000000000        67.115770861222003
 716.000000000000000        67.069711824463752
 718.000000000000000        67.023766178279445
 720.000000000000000        66.977702671119943
 722.000000000000000        66.931735974287818
 724.000000000000000        66.885838706833297
 726.000000000000000        66.839806857027042
 728.000000000000000        66.793886554795819
 730.000000000000000        66.747949281976034
 732.000000000000000        66.701990254197199
 734.000000000000000        66.656081137690691
 736.000000000000000        66.610256061884954
 738.000000000000000        66.564311144408833
 740.000000000000000        66.518330781673981
 742.000000000000000        66.472417886977524
 744.000000000000000        66.426649628956895
 746.000000000000000        66.380772553848104
 748.000000000000000        66.334889597799489
 750.000000000000000        66.289078755042866
 752.000000000000000        66.243168727851966
 754.000000000000000        66.197364549642700
 756.000000000000000        66.151546625861585
 758.000000000000000        66.105823892780137
 760.000000000000000        66.060083422292209
 762.000000000000000        66.014202689826718
 764.000000000000000        65.968498394388519
 766.000000000000000        65.922756089712777
 768.000000000000000        65.876989946684816
 770.000000000000000        65.831457991071417
 772.000000000000000        65.785603425038360
 774.000000000000000        65.739868451900364
 776.000000000000000        65.694108385581032
 778.000000000000000        65.648617324200814
 780.000000000000000        65.602786128481611
 782.000000000000000        65.557168805413212
 784.000000000000000        65.511382241260335
 786.000000000000000        65.465852257964841
 788.000000000000000        65.420183220713128
 790.000000000000000        65.374694840345029
 792.000000000000000        65.329079752147351
 794.000000000000000        65.283403735258247
 796.000000000000000        65.237854815026068
 798.000000000000000        65.192307414396936
