   0.000000000000000    0.000000000000000
   2.000000000000000    0.002524924168975
   4.000000000000000    0.008507818335284
   6.000000000000000    0.021234117256799
   8.000000000000000    0.064548606991429
  10.000000000000000    0.163967941672752
  12.000000000000000    0.359533070861931
  14.000000000000000    0.672488630056299
  16.000000000000000    1.151760494292084
  18.000000000000000    1.820143810391986
  20.000000000000000    2.678015799698698
  22.000000000000000    3.736673653901444
  24.000000000000000    4.965368990302880
  26.000000000000000    6.408123343347789
  28.000000000000000    7.969189305626514
  30.000000000000000    9.706629050591928
  32.000000000000000   11.525427566399230
  34.000000000000000   13.483012977037745
  36.000000000000000   15.517428040304306
  38.000000000000000   17.602350454150770
  40.000000000000000   19.782776556217993
  42.000000000000000   21.957542327587944
  44.000000000000000   24.207387573065525
  46.000000000000000   26.453574608811280
  48.000000000000000   28.753509198035331
  50.000000000000000   30.989304616667756
  52.000000000000000   33.303376569802396
  54.000000000000000   35.586909981299343
  56.000000000000000   37.840820057194428
  58.000000000000000   40.124816810962834
  60.000000000000000   42.374166328791233
  62.000000000000000   44.566032712567036
  64.000000000000000   46.812319260057450
  66.000000000000000   48.966422681369330
  68.000000000000000   51.130955375793398
  70.000000000000000   53.262505712417095
  72.000000000000000   55.347188013101743
  74.000000000000000   57.447156809307039
  76.000000000000000   59.411903955255504
  78.000000000000000   61.445800019307484
  80.000000000000000   63.427297667238498
  82.000000000000000   65.310456700977468
  84.000000000000000   67.233383223834196
  86.000000000000000   69.078499052764514
  88.000000000000000   70.846508868410879
  90.000000000000000   72.664008935778369
  92.000000000000000   74.399654937948128
  94.000000000000000   76.126927907613123
  96.000000000000000   77.739948079219559
  98.000000000000000   79.413144752817985
 100.000000000000000   80.972758053876987
 102.000000000000000   82.587812201097464
 104.000000000000000   84.074948256026829
 106.000000000000000   85.560288015033308
 108.000000000000000   87.086107020108443
 110.000000000000000   88.457443556789755
 112.000000000000000   89.826987982489257
 114.000000000000000   91.307680758690680
 116.000000000000000   92.543352560200773
 118.000000000000000   93.871172762362662
 120.000000000000000   95.193827319980542
 122.000000000000000   96.414021006979567
 124.000000000000000   97.666207389594533
 126.000000000000000   98.869202062630677
 128.000000000000000  100.047098977867066
 130.000000000000000  101.196535028851912
 132.000000000000000  102.363247299961984
 134.000000000000000  103.417126852663941
 136.000000000000000  104.605322935563308
 138.000000000000000  105.584120070669044
 140.000000000000000  106.674202402669891
 142.000000000000000  107.725418086988796
 144.000000000000000  108.739878884129524
 146.000000000000000  109.659698502094386
 148.000000000000000  110.800568026084790
 150.000000000000000  111.653877796481609
 152.000000000000000  112.606110305015420
 154.000000000000000  113.572013484318646
 156.000000000000000  114.482834166466276
 158.000000000000000  115.380419846504509
 160.000000000000000  116.303890582499207
 162.000000000000000  117.108093177968996
 164.000000000000000  118.138493136843124
 166.000000000000000  118.826409878980968
 168.000000000000000  119.619451479946449
 170.000000000000000  120.699938687412740
 172.000000000000000  121.398097100068853
 174.000000000000000  122.160236204510923
 176.000000000000000  123.004676668372198
 178.000000000000000  123.801032889244325
 180.000000000000000  124.538883835784105
 182.000000000000000  125.424869937223988
 184.000000000000000  126.053910260308214
 186.000000000000000  126.863945060388360
 188.000000000000000  127.658964667276251
 190.000000000000000  128.325588391538872
 192.000000000000000  129.152104424553329
 194.000000000000000  129.640612088325469
 196.000000000000000  130.710777326482173
 198.000000000000000  131.110255135144484
 200.000000000000000  131.909038773203292
 202.000000000000000  132.801417083017867
 204.000000000000000  133.261135561213820
 206.000000000000000  133.944017747865587
 208.000000000000000  134.618586514675997
 210.000000000000000  135.492805434083323
 212.000000000000000  136.039709059257007
 214.000000000000000  136.453440622394453
 216.000000000000000  137.476797069354461
 218.000000000000000  137.944262263598745
 220.000000000000000  138.547766090289343
 222.000000000000000  139.320237279118032
 224.000000000000000  139.798680270446823
 226.000000000000000  140.539359173844332
 228.000000000000000  141.213180207638715
 230.000000000000000  141.583301088266211
 232.000000000000000  142.386551970097912
 234.000000000000000  143.071563169925895
 236.000000000000000  143.480190926801868
 238.000000000000000  144.004030860983733
 240.000000000000000  145.012450791116407
 242.000000000000000  145.224986268274762
 244.000000000000000  145.989574483569413
 246.000000000000000  146.397554673619226
 248.000000000000000  146.911547933593170
 250.000000000000000  147.941681154705407
 252.000000000000000  148.093447267331925
 254.000000000000000  148.787527693103641
 256.000000000000000  149.373499520339720
 258.000000000000000  149.770350915973893
 260.000000000000000  150.679141662267199
 262.000000000000000  150.662641633925915
 264.000000000000000  151.999834341599666
 266.000000000000000  151.684446325073310
 268.000000000000000  152.698316003232264
 270.000000000000000  153.399469429313939
 272.000000000000000  153.321429589023921
 274.000000000000000  154.365876995851380
 276.000000000000000  154.903340098102376
 278.000000000000000  155.268975407544559
 280.000000000000000  155.474935819061784
 282.000000000000000  156.540655365673302
 284.000000000000000  156.803010101531328
 286.000000000000000  157.221806570078797
 288.000000000000000  157.926067549214196
 290.000000000000000  157.971958860151886
 292.000000000000000  159.191051716973902
 294.000000000000000  159.316093804728752
 296.000000000000000  159.420946340470778
 298.000000000000000  160.835593876090456
 300.000000000000000  160.571423901468648
 302.000000000000000  161.133305043546045
 304.000000000000000  161.735129313244045
 306.000000000000000  162.608726657666665
 308.000000000000000  162.304476132705304
 310.000000000000000  163.466584972508059
 312.000000000000000  163.369315051346234
 314.000000000000000  164.426164151411740
 316.000000000000000  164.397956920959132
 318.000000000000000  165.148605363781201
 320.000000000000000  165.332852091654274
 322.000000000000000  166.067640615519309
 324.000000000000000  166.535572264991089
 326.000000000000000  166.496897973152954
 328.000000000000000  167.557853541846953
 330.000000000000000  167.601580525518500
 332.000000000000000  168.346424669915365
 334.000000000000000  168.864086931021347
 336.000000000000000  168.888265959716250
 338.000000000000000  169.304471346338516
 340.000000000000000  170.136051176873906
 342.000000000000000  170.416409415952018
 344.000000000000000  170.573181282068788
 346.000000000000000  171.052513241112507
 348.000000000000000  172.409449459148590
 350.000000000000000  171.852254533410616
 352.000000000000000  171.884871393591226
 354.000000000000000  173.515866096367176
 356.000000000000000  172.829074428147408
 358.000000000000000  174.192891552257549
 360.000000000000000  173.877282631074166
 362.000000000000000  174.775279149160895
 364.000000000000000  174.457528040114767
 366.000000000000000  175.872101738048968
 368.000000000000000  175.459168968467310
 370.000000000000000  176.345740084274979
 372.000000000000000  176.684534881200847
 374.000000000000000  176.424941749311898
 376.000000000000000  177.938818394321004
 378.000000000000000  177.201413937358410
 380.000000000000000  178.231233389413660
 382.000000000000000  178.445089242638744
 384.000000000000000  178.928143307026687
 386.000000000000000  179.398172499556523
 388.000000000000000  179.452435588290570
 390.000000000000000  179.955555199332963
 392.000000000000000  180.403709607291432
 394.000000000000000  180.967421169055200
 396.000000000000000  180.926404787502321
 398.000000000000000  181.356592676454085
 400.000000000000000  181.936345534646421
 402.000000000000000  182.306011659289737
 404.000000000000000  182.809910999413830
 406.000000000000000  182.237245400485449
 408.000000000000000  183.455761560614860
 410.000000000000000  183.918839702894587
 412.000000000000000  183.811429355457562
 414.000000000000000  184.760660237280320
 416.000000000000000  184.040436446000768
 418.000000000000000  185.599777476596557
 420.000000000000000  184.453589946559788
 422.000000000000000  186.525398210778718
 424.000000000000000  185.986234747704003
 426.000000000000000  186.030439704353483
 428.000000000000000  186.782774946209855
 430.000000000000000  186.968484892247119
 432.000000000000000  187.399799295460724
 434.000000000000000  188.371867891838832
 436.000000000000000  187.924137349772792
 438.000000000000000  187.666462390291429
 440.000000000000000  189.021110419354272
 442.000000000000000  189.340826407187393
 444.000000000000000  188.566934393628998
 446.000000000000000  190.137582757828227
 448.000000000000000  190.278558007907037
 450.000000000000000  189.692481009513386
 452.000000000000000  190.661570939075460
 454.000000000000000  191.061038000454118
 456.000000000000000  191.497045187907645
 458.000000000000000  191.694150955332191
 460.000000000000000  191.576130962900294
 462.000000000000000  191.983974455516034
 464.000000000000000  192.325294158933787
 466.000000000000000  193.709582596425236
 468.000000000000000  191.104153702639650
 470.000000000000000  194.831588653392430
 472.000000000000000  193.134155868864866
 474.000000000000000  194.754603040125033
 476.000000000000000  193.367077039376198
 478.000000000000000  194.711668326232939
 480.000000000000000  195.100200961337464
 482.000000000000000  194.197786431981200
 484.000000000000000  196.397590806678011
 486.000000000000000  195.225381449236977
 488.000000000000000  196.332693028572578
 490.000000000000000  195.626788443460526
 492.000000000000000  196.904417653437434
 494.000000000000000  196.591474005022462
 496.000000000000000  196.745551562020523
 498.000000000000000  197.910325893625213
 500.000000000000000  197.443505520253836
 502.000000000000000  197.660905386991658
 504.000000000000000  198.078662445401108
 506.000000000000000  199.081110228408363
 508.000000000000000  198.077886011989847
 510.000000000000000  198.989730365992898
 512.000000000000000  199.237862297231345
 514.000000000000000  199.881916907999027
 516.000000000000000  199.225065200893368
 518.000000000000000  200.190975350878745
 520.000000000000000  199.684968668223433
 522.000000000000000  201.368916059992358
 524.000000000000000  200.363799075986861
 526.000000000000000  201.001122736523740
 528.000000000000000  201.004234057889136
 530.000000000000000  201.569962943145640
 532.000000000000000  202.598522107853825
 534.000000000000000  201.590278068381224
 536.000000000000000  201.317615837055882
 538.000000000000000  203.373372920548093
 540.000000000000000  202.583148263385823
 542.000000000000000  202.925086625610334
 544.000000000000000  203.042730583069556
 546.000000000000000  203.897559648627606
 548.000000000000000  203.248006493946576
 550.000000000000000  204.356921555567993
 552.000000000000000  204.001651916232959
 554.000000000000000  204.196745975986829
 556.000000000000000  205.352381692281426
 558.000000000000000  203.217067295494246
 560.000000000000000  206.860407158468831
 562.000000000000000  204.765614116356687
 564.000000000000000  204.024625144749820
 566.000000000000000  208.942054412351894
 568.000000000000000  203.638269150713882
 570.000000000000000  206.188865584391237
 572.000000000000000  206.419475776077604
 574.000000000000000  207.812748852835057
 576.000000000000000  206.657663913930293
 578.000000000000000  206.499048666847898
 580.000000000000000  207.002626739690328
 582.000000000000000  208.560593915672030
 584.000000000000000  205.871803408729789
 586.000000000000000  209.880382949295722
 588.000000000000000  208.262820000976092
 590.000000000000000  207.373764019401904
 592.000000000000000  209.051961909127982
 594.000000000000000  208.504918378943501
 596.000000000000000  209.245124743337072
 598.000000000000000  208.786603086021159
 600.000000000000000  210.545179735932976
 602.000000000000000  207.336304268761040
 604.000000000000000  212.181336671482114
 606.000000000000000  208.411358101730031
 608.000000000000000  212.322514205028114
 610.000000000000000  208.044015686555269
 612.000000000000000  212.006759894027795
 614.000000000000000  209.865064244779603
 616.000000000000000  211.669548311684792
 618.000000000000000  211.294976339109041
 620.000000000000000  211.247998343108804
 622.000000000000000  211.636022028256377
 624.000000000000000  211.099986773445664
 626.000000000000000  211.503548682383183
 628.000000000000000  214.424869567398304
 630.000000000000000  209.909796629519519
 632.000000000000000  215.078704737649275
 634.000000000000000  210.294641837267449
 636.000000000000000  214.199910794401404
 638.000000000000000  213.103545745983752
 640.000000000000000  212.303128576552638
 642.000000000000000  214.387042276051261
 644.000000000000000  212.792167054478114
 646.000000000000000  215.303927796696200
 648.000000000000000  212.840837128990898
 650.000000000000000  214.183777316609053
 652.000000000000000  213.268592368399510
 654.000000000000000  217.054740915091969
 656.000000000000000  213.710835357959468
 658.000000000000000  215.266822069953719
 660.000000000000000  213.253058553241289
 662.000000000000000  216.849490628647203
 664.000000000000000  214.683395302735335
 666.000000000000000  215.830696534178458
 668.000000000000000  216.104348050403530
 670.000000000000000  216.130837307166274
 672.000000000000000  214.565189379284675
 674.000000000000000  216.089164466304908
 676.000000000000000  217.876778457008754
 678.000000000000000  216.633943914209766
 680.000000000000000  215.581846373168048
 682.000000000000000  217.691713247360980
 684.000000000000000  217.329292668995748
 686.000000000000000  215.934625374824236
 688.000000000000000  220.205777858055001
 690.000000000000000  213.114037258681577
 692.000000000000000  220.226969616570557
 694.000000000000000  217.454796784508090
 696.000000000000000  219.539638458065127
 698.000000000000000  216.371812891005362
 700.000000000000000  218.524324378492679
 702.000000000000000  219.420360778932348
 704.000000000000000  216.871762513196387
 706.000000000000000  220.352841403116287
 708.000000000000000  219.623811765961278
 710.000000000000000  217.385938417433522
 712.000000000000000  219.644345151089851
 714.000000000000000  219.259373143899722
 716.000000000000000  220.546974223429146
 718.000000000000000  218.412039616838825
 720.000000000000000  220.715745490222417
 722.000000000000000  220.574284639803381
 724.000000000000000  218.663430168351567
 726.000000000000000  221.304249236081262
 728.000000000000000  220.134412194506183
 730.000000000000000  220.240682791749805
 732.000000000000000  221.111660408818778
 734.000000000000000  221.599466267278700
 736.000000000000000  219.646467805785534
 738.000000000000000  220.672485300098288
 740.000000000000000  221.882945825293831
 742.000000000000000  222.774383015801533
 744.000000000000000  220.329768281407638
 746.000000000000000  221.508971838008506
 748.000000000000000  222.493265236004447
 750.000000000000000  220.785443126851561
 752.000000000000000  223.138410969282120
 754.000000000000000  221.965773500041195
 756.000000000000000  223.302767432045187
 758.000000000000000  222.150092420743732
 760.000000000000000  221.090975291291528
 762.000000000000000  224.507753108657738
 764.000000000000000  222.411366982451540
 766.000000000000000  222.671595922430953
 768.000000000000000  225.579891032703415
 770.000000000000000  219.716012668428192
 772.000000000000000  224.586081262458123
 774.000000000000000  223.177530576673718
 776.000000000000000  226.531508111098333
 778.000000000000000  219.975506727653965
 780.000000000000000  226.144159053383930
 782.000000000000000  222.106281160726610
 784.000000000000000  226.937764919223099
 786.000000000000000  222.642788387780968
 788.000000000000000  226.354432714353294
 790.000000000000000  223.056679111355294
 792.000000000000000  223.877762625905234
 794.000000000000000  226.102055887005264
 796.000000000000000  224.878082735701895
 798.000000000000000  223.515384719201620
