   0.000000000000000    0.000000000000000
   2.000000000000000    0.000000001251943
   4.000000000000000    0.005614199213779
   6.000000000000000    0.019669496133175
   8.000000000000000    0.057804690821223
  10.000000000000000    0.148860371918554
  12.000000000000000    0.332349115000089
  14.000000000000000    0.648276464945775
  16.000000000000000    1.129367996741246
  18.000000000000000    1.797337179336928
  20.000000000000000    2.662395509005019
  22.000000000000000    3.724634380102967
  24.000000000000000    4.976195878856731
  26.000000000000000    6.403590598798415
  28.000000000000000    7.989825677643983
  30.000000000000000    9.716184850433097
  32.000000000000000   11.563599600988674
  34.000000000000000   13.513623159346128
  36.000000000000000   15.549049275765366
  38.000000000000000   17.654250391635724
  40.000000000000000   19.815296460579287
  42.000000000000000   22.019931721062758
  44.000000000000000   24.257459901360701
  46.000000000000000   26.518580057516800
  48.000000000000000   28.795210969485247
  50.000000000000000   31.080317668254910
  52.000000000000000   33.367750774677788
  54.000000000000000   35.652109447896137
  56.000000000000000   37.928632791401746
  58.000000000000000   40.193101791685926
  60.000000000000000   42.441768459222580
  62.000000000000000   44.671301522384759
  64.000000000000000   46.878735085177425
  66.000000000000000   49.061441377760367
  68.000000000000000   51.217101131141440
  70.000000000000000   53.343678903159649
  72.000000000000000   55.439411335317168
  74.000000000000000   57.502782656143495
  76.000000000000000   59.532519117982424
  78.000000000000000   61.527568321321368
  80.000000000000000   63.487085771662052
  82.000000000000000   65.410428446030167
  84.000000000000000   67.297133890026728
  86.000000000000000   69.146909451353437
  88.000000000000000   70.959622109250631
  90.000000000000000   72.735278605700671
  92.000000000000000   74.474016376382878
  94.000000000000000   76.176092204701604
  96.000000000000000   77.841868463254002
  98.000000000000000   79.471798162926049
 100.000000000000000   81.066417478449750
 102.000000000000000   82.626333217992595
 104.000000000000000   84.152212668393688
 106.000000000000000   85.644774454700311
 108.000000000000000   87.104778456645462
 110.000000000000000   88.533019915227271
 112.000000000000000   89.930319299851746
 114.000000000000000   91.297516837779213
 116.000000000000000   92.635466929643499
 118.000000000000000   93.945030199724371
 120.000000000000000   95.227071744932090
 122.000000000000000   96.482454171670270
 124.000000000000000   97.712034360799848
 126.000000000000000   98.916661320907693
 128.000000000000000  100.097171344882511
 130.000000000000000  101.254386284569918
 132.000000000000000  102.389112296012655
 134.000000000000000  103.502137163635524
 136.000000000000000  104.594229559689580
 138.000000000000000  105.666136180382637
 140.000000000000000  106.718580625561572
 142.000000000000000  107.752270047879506
 144.000000000000000  108.767884675071116
 146.000000000000000  109.766078456793991
 148.000000000000000  110.747489552987986
 150.000000000000000  111.712730443830552
 152.000000000000000  112.662385834341094
 154.000000000000000  113.597023582906829
 156.000000000000000  114.517187709680798
 158.000000000000000  115.423400305807306
 160.000000000000000  116.316162867917171
 162.000000000000000  117.195951768547388
 164.000000000000000  118.063230696680336
 166.000000000000000  118.918438773967139
 168.000000000000000  119.761985792620521
 170.000000000000000  120.594290476582032
 172.000000000000000  121.415737326808411
 174.000000000000000  122.226680083940536
 176.000000000000000  123.027474949578590
 178.000000000000000  123.818460541020187
 180.000000000000000  124.599956526954671
 182.000000000000000  125.372269525674980
 184.000000000000000  126.135686486757734
 186.000000000000000  126.890486300699706
 188.000000000000000  127.636942096554122
 190.000000000000000  128.375300121643392
 192.000000000000000  129.105806952721338
 194.000000000000000  129.828685212639556
 196.000000000000000  130.544164698314404
 198.000000000000000  131.252454522699225
 200.000000000000000  131.953743372013463
 202.000000000000000  132.648251213532092
 204.000000000000000  133.336138615824552
 206.000000000000000  134.017569802313574
 208.000000000000000  134.692732055212787
 210.000000000000000  135.361787119766916
 212.000000000000000  136.024884604897977
 214.000000000000000  136.682149581195802
 216.000000000000000  137.333740874131820
 218.000000000000000  137.979800334745391
 220.000000000000000  138.620431713009935
 222.000000000000000  139.255772746971473
 224.000000000000000  139.885933291669943
 226.000000000000000  140.511024772986190
 228.000000000000000  141.131168789340165
 230.000000000000000  141.746443747081770
 232.000000000000000  142.356956102837813
 234.000000000000000  142.962821938263090
 236.000000000000000  143.564101318227131
 238.000000000000000  144.160878243916727
 240.000000000000000  144.753276620968165
 242.000000000000000  145.341343872576090
 244.000000000000000  145.925147259062243
 246.000000000000000  146.504780632475445
 248.000000000000000  147.080294636091310
 250.000000000000000  147.651795174544475
 252.000000000000000  148.219322211469006
 254.000000000000000  148.782924610260153
 256.000000000000000  149.342683571550054
 258.000000000000000  149.898645302103375
 260.000000000000000  150.450881910182346
 262.000000000000000  150.999423535583986
 264.000000000000000  151.544350495566022
 266.000000000000000  152.085688063708204
 268.000000000000000  152.623470608359042
 270.000000000000000  153.157811079520172
 272.000000000000000  153.688682565315190
 274.000000000000000  154.216141777778404
 276.000000000000000  154.740284628210247
 278.000000000000000  155.261106572669945
 280.000000000000000  155.778620504695425
 282.000000000000000  156.292903386654643
 284.000000000000000  156.804003255789183
 286.000000000000000  157.311919117614480
 288.000000000000000  157.816700937982290
 290.000000000000000  158.318374627577725
 292.000000000000000  158.816988841599880
 294.000000000000000  159.312596397382038
 296.000000000000000  159.805148400867353
 298.000000000000000  160.294736465273644
 300.000000000000000  160.781402203104477
 302.000000000000000  161.265102960566253
 304.000000000000000  161.745911799303855
 306.000000000000000  162.223890551501370
 308.000000000000000  162.699000255738241
 310.000000000000000  163.171275661218999
 312.000000000000000  163.640771380816659
 314.000000000000000  164.107493597065968
 316.000000000000000  164.571467239229150
 318.000000000000000  165.032702722202799
 320.000000000000000  165.491233735520467
 322.000000000000000  165.947074162821650
 324.000000000000000  166.400269994411758
 326.000000000000000  166.850795692201444
 328.000000000000000  167.298696236097783
 330.000000000000000  167.744003478680469
 332.000000000000000  168.186723203596188
 334.000000000000000  168.626888329956955
 336.000000000000000  169.064472877333770
 338.000000000000000  169.499513868540475
 340.000000000000000  169.932062366614559
 342.000000000000000  170.362112674476748
 344.000000000000000  170.789659453552389
 346.000000000000000  171.214727949582937
 348.000000000000000  171.637393726504627
 350.000000000000000  172.057618578792159
 352.000000000000000  172.475358677285129
 354.000000000000000  172.890738589929867
 356.000000000000000  173.303733455670908
 358.000000000000000  173.714342392261017
 360.000000000000000  174.122599774415022
 362.000000000000000  174.528491719598151
 364.000000000000000  174.932052059767869
 366.000000000000000  175.333304084987503
 368.000000000000000  175.732254707427529
 370.000000000000000  176.128906735975761
 372.000000000000000  176.523289450333550
 374.000000000000000  176.915383579092634
 376.000000000000000  177.305244657541806
 378.000000000000000  177.692857931751604
 380.000000000000000  178.078229668781006
 382.000000000000000  178.461412191583236
 384.000000000000000  178.842380280249245
 386.000000000000000  179.221182098464624
 388.000000000000000  179.597782515505031
 390.000000000000000  179.972211693572063
 392.000000000000000  180.344513014173970
 394.000000000000000  180.714657122197508
 396.000000000000000  181.082678722689394
 398.000000000000000  181.448562514289080
 400.000000000000000  181.812356383439266
 402.000000000000000  182.174075094991991
 404.000000000000000  182.533697286232353
 406.000000000000000  182.891223758879192
 408.000000000000000  183.246705127500803
 410.000000000000000  183.600156020801393
 412.000000000000000  183.951550110215578
 414.000000000000000  184.300947033574374
 416.000000000000000  184.648295672987615
 418.000000000000000  184.993636774562646
 420.000000000000000  185.336989587552438
 422.000000000000000  185.678371273870056
 424.000000000000000  186.017802450585918
 426.000000000000000  186.355239770336198
 428.000000000000000  186.690733698156663
 430.000000000000000  187.024279391947914
 432.000000000000000  187.355919792455040
 434.000000000000000  187.685650589398250
 436.000000000000000  188.013447750298269
 438.000000000000000  188.339331511635663
 440.000000000000000  188.663361384905755
 442.000000000000000  188.985526944869548
 444.000000000000000  189.305799224245703
 446.000000000000000  189.624233676605144
 448.000000000000000  189.940806415642982
 450.000000000000000  190.255543754525149
 452.000000000000000  190.568475208359473
 454.000000000000000  190.879597207150226
 456.000000000000000  191.188903244716641
 458.000000000000000  191.496392756546896
 460.000000000000000  191.802117742792149
 462.000000000000000  192.106079420560803
 464.000000000000000  192.408291131927541
 466.000000000000000  192.708727732375081
 468.000000000000000  193.007411979612101
 470.000000000000000  193.304380516625628
 472.000000000000000  193.599611386549213
 474.000000000000000  193.893139406641211
 476.000000000000000  194.184970263540379
 478.000000000000000  194.475098654649258
 480.000000000000000  194.763542918722521
 482.000000000000000  195.050326217515476
 484.000000000000000  195.335408484287569
 486.000000000000000  195.618861868714617
 488.000000000000000  195.900685377568692
 490.000000000000000  196.180856388822889
 492.000000000000000  196.459404300352219
 494.000000000000000  196.736342736642911
 496.000000000000000  197.011692745167664
 498.000000000000000  197.285400779744663
 500.000000000000000  197.557538470152963
 502.000000000000000  197.828099201176826
 504.000000000000000  198.097087507635138
 506.000000000000000  198.364520321681795
 508.000000000000000  198.630427491478230
 510.000000000000000  198.894788836057188
 512.000000000000000  199.157565066003599
 514.000000000000000  199.418877361747292
 516.000000000000000  199.678670206383572
 518.000000000000000  199.936924642232071
 520.000000000000000  200.193728654543889
 522.000000000000000  200.449042052534821
 524.000000000000000  200.702842071918809
 526.000000000000000  200.955227822064217
 528.000000000000000  201.206145226562313
 530.000000000000000  201.455574979560282
 532.000000000000000  201.703551902227701
 534.000000000000000  201.950097747569856
 536.000000000000000  202.195346918169008
 538.000000000000000  202.439119222183876
 540.000000000000000  202.681414428030934
 542.000000000000000  202.922376277722805
 544.000000000000000  203.161924066583651
 546.000000000000000  203.400100842423171
 548.000000000000000  203.636941644123141
 550.000000000000000  203.872397937444020
 552.000000000000000  204.106478308861028
 554.000000000000000  204.339250836385474
 556.000000000000000  204.570635506914101
 558.000000000000000  204.800788606971850
 560.000000000000000  205.029593521271863
 562.000000000000000  205.256999141342646
 564.000000000000000  205.483302412530890
 566.000000000000000  205.708076938561931
 568.000000000000000  205.931601925240614
 570.000000000000000  206.154094782142465
 572.000000000000000  206.375167090062860
 574.000000000000000  206.594866647947185
 576.000000000000000  206.813335741784726
 578.000000000000000  207.030707268881997
 580.000000000000000  207.246850491338137
 582.000000000000000  207.461664655639282
 584.000000000000000  207.675353627591790
 586.000000000000000  207.887718164500683
 588.000000000000000  208.098777895374241
 590.000000000000000  208.308895915375558
 592.000000000000000  208.517742579081897
 594.000000000000000  208.725347833014894
 596.000000000000000  208.931875478216114
 598.000000000000000  209.137239156631097
 600.000000000000000  209.341304313351742
 602.000000000000000  209.544418651853078
 604.000000000000000  209.746323336134878
 606.000000000000000  209.946960947829467
 608.000000000000000  210.146485138263813
 610.000000000000000  210.345047416096122
 612.000000000000000  210.542547820511260
 614.000000000000000  210.738771120012188
 616.000000000000000  210.933990952034179
 618.000000000000000  211.128014581017936
 620.000000000000000  211.321043919707080
 622.000000000000000  211.512980526322167
 624.000000000000000  211.703923995774517
 626.000000000000000  211.893942739020190
 628.000000000000000  212.082505656214721
 630.000000000000000  212.270230766652617
 632.000000000000000  212.456917343584621
 634.000000000000000  212.642533593525172
 636.000000000000000  212.827280766710203
 638.000000000000000  213.010753518010347
 640.000000000000000  213.193531420212736
 642.000000000000000  213.375146111674184
 644.000000000000000  213.555726031430481
 646.000000000000000  213.735257736607366
 648.000000000000000  213.913879404556923
 650.000000000000000  214.091688761050278
 652.000000000000000  214.268476251623582
 654.000000000000000  214.444055638737098
 656.000000000000000  214.618634558448235
 658.000000000000000  214.792540838310742
 660.000000000000000  214.965674636286082
 662.000000000000000  215.137613319788244
 664.000000000000000  215.308468468896137
 666.000000000000000  215.478688170194118
 668.000000000000000  215.647776551048992
 670.000000000000000  215.815906120038960
 672.000000000000000  215.983526990018589
 674.000000000000000  216.150250915444644
 676.000000000000000  216.315577585281972
 678.000000000000000  216.480077267646465
 680.000000000000000  216.644040946043447
 682.000000000000000  216.807024755042249
 684.000000000000000  216.968986824929061
 686.000000000000000  217.130365831962052
 688.000000000000000  217.290461322108911
 690.000000000000000  217.450222544867643
 692.000000000000000  217.609209325073493
 694.000000000000000  217.766719012305145
 696.000000000000000  217.923518402303301
 698.000000000000000  218.079750391632786
 700.000000000000000  218.235357719047556
 702.000000000000000  218.389716169579401
 704.000000000000000  218.543600746725417
 706.000000000000000  218.696557369711257
 708.000000000000000  218.848327596070675
 710.000000000000000  218.999836885286300
 712.000000000000000  219.150624419938168
 714.000000000000000  219.300359886522273
 716.000000000000000  219.449196329949984
 718.000000000000000  219.597474652280596
 720.000000000000000  219.745006142683593
 722.000000000000000  219.891504425352196
 724.000000000000000  220.037652774067510
 726.000000000000000  220.182933690211399
 728.000000000000000  220.327268538503233
 730.000000000000000  220.471110197635653
 732.000000000000000  220.614074610428588
 734.000000000000000  220.756113033274573
 736.000000000000000  220.897791932879869
 738.000000000000000  221.038983470157802
 740.000000000000000  221.179150019243792
 742.000000000000000  221.318139737036148
 744.000000000000000  221.456795083595097
 746.000000000000000  221.595166051426219
 748.000000000000000  221.732405238583567
 750.000000000000000  221.869114807869607
 752.000000000000000  222.005118567260610
 754.000000000000000  222.140238862179785
 756.000000000000000  222.274739501237065
 758.000000000000000  222.408521241840447
 760.000000000000000  222.542244411885548
 762.000000000000000  222.674853689680049
 764.000000000000000  222.806449501609819
 766.000000000000000  222.938039907508795
 768.000000000000000  223.068254434495657
 770.000000000000000  223.198608056965668
 772.000000000000000  223.328609860113374
 774.000000000000000  223.457162902956838
 776.000000000000000  223.584672150766295
 778.000000000000000  223.712523950287476
 780.000000000000000  223.839822623549168
 782.000000000000000  223.965984331277213
 784.000000000000000  224.091603398422876
 786.000000000000000  224.216416152683706
 788.000000000000000  224.340785575772259
 790.000000000000000  224.464645194182140
 792.000000000000000  224.588605909210003
 794.000000000000000  224.711067231449022
 796.000000000000000  224.832907288762101
 798.000000000000000  224.955003645252134
