   0.000000000000000    0.000000000000000
   2.000000000000000   -0.000000384378188
   4.000000000000000   -0.000000370965070
   6.000000000000000   -0.000000559603054
   8.000000000000000   -0.000002092965538
  10.000000000000000   -0.000006772479137
  12.000000000000000   -0.000016210542282
  14.000000000000000   -0.000031343720370
  16.000000000000000   -0.000052331062136
  18.000000000000000   -0.000078672462447
  20.000000000000000   -0.000109424402893
  22.000000000000000   -0.000143422318825
  24.000000000000000   -0.000179458025057
  26.000000000000000   -0.000216397259734
  28.000000000000000   -0.000253243004910
  30.000000000000000   -0.000289160043166
  32.000000000000000   -0.000323474336836
  34.000000000000000   -0.000355659793610
  36.000000000000000   -0.000385319622547
  38.000000000000000   -0.000412166786144
  40.000000000000000   -0.000436006428377
  42.000000000000000   -0.000456720028842
  44.000000000000000   -0.000474252518623
  46.000000000000000   -0.000488601122716
  48.000000000000000   -0.000499805931575
  50.000000000000000   -0.000507942202442
  52.000000000000000   -0.000513113370588
  54.000000000000000   -0.000515445001613
  56.000000000000000   -0.000515079729404
  58.000000000000000   -0.000512172547272
  60.000000000000000   -0.000506886878376
  62.000000000000000   -0.000499391091894
  64.000000000000000   -0.000489855562704
  66.000000000000000   -0.000478450022693
  68.000000000000000   -0.000465341803630
  70.000000000000000   -0.000450693740020
  72.000000000000000   -0.000434663114897
  74.000000000000000   -0.000417400562317
  76.000000000000000   -0.000399049205935
  78.000000000000000   -0.000379744361166
  80.000000000000000   -0.000359612952071
  82.000000000000000   -0.000338773572151
  84.000000000000000   -0.000317336419692
  86.000000000000000   -0.000295403388489
  88.000000000000000   -0.000273068288080
  90.000000000000000   -0.000250417162447
  92.000000000000000   -0.000227528509560
  94.000000000000000   -0.000204473746734
  96.000000000000000   -0.000181317515076
  98.000000000000000   -0.000158118221209
 100.000000000000000   -0.000134928232654
 102.000000000000000   -0.000111794505850
 104.000000000000000   -0.000088758744350
 106.000000000000000   -0.000065858018754
 108.000000000000000   -0.000043125085757
 110.000000000000000   -0.000020588525087
 112.000000000000000    0.000001726557424
 114.000000000000000    0.000023798508780
 116.000000000000000    0.000045608793998
 118.000000000000000    0.000067141448755
 120.000000000000000    0.000088383185920
 122.000000000000000    0.000109322955345
 124.000000000000000    0.000129951671221
 126.000000000000000    0.000150262211855
 128.000000000000000    0.000170248969940
 130.000000000000000    0.000189907953626
 132.000000000000000    0.000209236377100
 134.000000000000000    0.000228232663359
 136.000000000000000    0.000246896310973
 138.000000000000000    0.000265227704817
 140.000000000000000    0.000283228017420
 142.000000000000000    0.000300899185716
 144.000000000000000    0.000318243756479
 146.000000000000000    0.000335264793294
 148.000000000000000    0.000351965808678
 150.000000000000000    0.000368350808823
 152.000000000000000    0.000384424088108
 154.000000000000000    0.000400190206727
 156.000000000000000    0.000415653959964
 158.000000000000000    0.000430820408463
 160.000000000000000    0.000445694720131
 162.000000000000000    0.000460282260292
 164.000000000000000    0.000474588356499
 166.000000000000000    0.000488618575756
 168.000000000000000    0.000502378410988
 170.000000000000000    0.000515873334679
 172.000000000000000    0.000529109057753
 174.000000000000000    0.000542091079215
 176.000000000000000    0.000554824882861
 178.000000000000000    0.000567315993384
 180.000000000000000    0.000579569847097
 182.000000000000000    0.000591591814765
 184.000000000000000    0.000603387283567
 186.000000000000000    0.000614961424839
 188.000000000000000    0.000626319427336
 190.000000000000000    0.000637466436936
 192.000000000000000    0.000648407411754
 194.000000000000000    0.000659147291882
 196.000000000000000    0.000669690808201
 198.000000000000000    0.000680042863329
 200.000000000000000    0.000690207909708
 202.000000000000000    0.000700190533623
 204.000000000000000    0.000709995296288
 206.000000000000000    0.000719626376413
 208.000000000000000    0.000729088037877
 210.000000000000000    0.000738384433478
 212.000000000000000    0.000747519675068
 214.000000000000000    0.000756497668434
 216.000000000000000    0.000765322154142
 218.000000000000000    0.000773997059939
 220.000000000000000    0.000782525934657
 222.000000000000000    0.000790912383932
 224.000000000000000    0.000799159889954
 226.000000000000000    0.000807271830496
 228.000000000000000    0.000815251502529
 230.000000000000000    0.000823102179406
 232.000000000000000    0.000830826885840
 234.000000000000000    0.000838428774479
 236.000000000000000    0.000845910780910
 238.000000000000000    0.000853275749989
 240.000000000000000    0.000860526488745
 242.000000000000000    0.000867665894745
 244.000000000000000    0.000874696453614
 246.000000000000000    0.000881620857740
 248.000000000000000    0.000888441523721
 250.000000000000000    0.000895160947996
 252.000000000000000    0.000901781625941
 254.000000000000000    0.000908305751630
 256.000000000000000    0.000914735600575
 258.000000000000000    0.000921073440584
 260.000000000000000    0.000927321319113
 262.000000000000000    0.000933481402680
 264.000000000000000    0.000939555626021
 266.000000000000000    0.000945546062709
 268.000000000000000    0.000951454477463
 270.000000000000000    0.000957282837096
 272.000000000000000    0.000963032983180
 274.000000000000000    0.000968706561884
 276.000000000000000    0.000974305369129
 278.000000000000000    0.000979831049898
 280.000000000000000    0.000985285248301
 282.000000000000000    0.000990669478806
 284.000000000000000    0.000995985325330
 286.000000000000000    0.001001234294010
 288.000000000000000    0.001006417812202
 290.000000000000000    0.001011537231238
 292.000000000000000    0.001016593994256
 294.000000000000000    0.001021589451695
 296.000000000000000    0.001026524934785
 298.000000000000000    0.001031401545057
 300.000000000000000    0.001036220749684
 302.000000000000000    0.001040983568699
 304.000000000000000    0.001045691209563
 306.000000000000000    0.001050344834686
 308.000000000000000    0.001054945612848
 310.000000000000000    0.001059494464908
 312.000000000000000    0.001063992588842
 314.000000000000000    0.001068440909013
 316.000000000000000    0.001072840509541
 318.000000000000000    0.001077192278120
 320.000000000000000    0.001081497199160
 322.000000000000000    0.001085756162217
 324.000000000000000    0.001089970085745
 326.000000000000000    0.001094139873425
 328.000000000000000    0.001098266312562
 330.000000000000000    0.001102350264058
 332.000000000000000    0.001106392525368
 334.000000000000000    0.001110393923479
 336.000000000000000    0.001114355201944
 338.000000000000000    0.001118277065728
 340.000000000000000    0.001122160289960
 342.000000000000000    0.001126005570313
 344.000000000000000    0.001129813600506
 346.000000000000000    0.001133585055099
 348.000000000000000    0.001137320558763
 350.000000000000000    0.001141020921285
 352.000000000000000    0.001144686578129
 354.000000000000000    0.001148318147684
 356.000000000000000    0.001151916349779
 358.000000000000000    0.001155481689997
 360.000000000000000    0.001159014785095
 362.000000000000000    0.001162516136325
 364.000000000000000    0.001165986296537
 366.000000000000000    0.001169425802038
 368.000000000000000    0.001172835196334
 370.000000000000000    0.001176214969571
 372.000000000000000    0.001179565615188
 374.000000000000000    0.001182887627228
 376.000000000000000    0.001186181426355
 378.000000000000000    0.001189447548071
 380.000000000000000    0.001192686355923
 382.000000000000000    0.001195898363267
 384.000000000000000    0.001199083965918
 386.000000000000000    0.001202243583655
 388.000000000000000    0.001205377691137
 390.000000000000000    0.001208486540827
 392.000000000000000    0.001211570686809
 394.000000000000000    0.001214630437961
 396.000000000000000    0.001217666181492
 398.000000000000000    0.001220678303945
 400.000000000000000    0.001223667070264
 402.000000000000000    0.001226632978561
 404.000000000000000    0.001229576262360
 406.000000000000000    0.001232497360919
 408.000000000000000    0.001235396458528
 410.000000000000000    0.001238274017937
 412.000000000000000    0.001241130284535
 414.000000000000000    0.001243965616073
 416.000000000000000    0.001246780298889
 418.000000000000000    0.001249574570044
 420.000000000000000    0.001252348812920
 422.000000000000000    0.001255103250429
 424.000000000000000    0.001257838209915
 426.000000000000000    0.001260553955151
 428.000000000000000    0.001263250716569
 430.000000000000000    0.001265928796170
 432.000000000000000    0.001268588426823
 434.000000000000000    0.001271229931589
 436.000000000000000    0.001273853487487
 438.000000000000000    0.001276459368359
 440.000000000000000    0.001279047748008
 442.000000000000000    0.001281618982604
 444.000000000000000    0.001284173235839
 446.000000000000000    0.001286710756103
 448.000000000000000    0.001289231743447
 450.000000000000000    0.001291736410483
 452.000000000000000    0.001294225004054
 454.000000000000000    0.001296697690939
 456.000000000000000    0.001299154753596
 458.000000000000000    0.001301596313335
 460.000000000000000    0.001304022594980
 462.000000000000000    0.001306433843374
 464.000000000000000    0.001308830190870
 466.000000000000000    0.001311211879110
 468.000000000000000    0.001313579052964
 470.000000000000000    0.001315931902488
 472.000000000000000    0.001318270608290
 474.000000000000000    0.001320595364834
 476.000000000000000    0.001322906312538
 478.000000000000000    0.001325203699059
 480.000000000000000    0.001327487604375
 482.000000000000000    0.001329758219401
 484.000000000000000    0.001332015772964
 486.000000000000000    0.001334260298647
 488.000000000000000    0.001336492069096
 490.000000000000000    0.001338711199921
 492.000000000000000    0.001340917825531
 494.000000000000000    0.001343112128483
 496.000000000000000    0.001345294265998
 498.000000000000000    0.001347464358104
 500.000000000000000    0.001349622512640
 502.000000000000000    0.001351768927546
 504.000000000000000    0.001353903716678
 506.000000000000000    0.001356027027476
 508.000000000000000    0.001358138986432
 510.000000000000000    0.001360239764731
 512.000000000000000    0.001362329455875
 514.000000000000000    0.001364408147807
 516.000000000000000    0.001366476073916
 518.000000000000000    0.001368533282120
 520.000000000000000    0.001370579891247
 522.000000000000000    0.001372616069975
 524.000000000000000    0.001374641920224
 526.000000000000000    0.001376657535157
 528.000000000000000    0.001378663118595
 530.000000000000000    0.001380658670984
 532.000000000000000    0.001382644374879
 534.000000000000000    0.001384620252388
 536.000000000000000    0.001386586516157
 538.000000000000000    0.001388543317545
 540.000000000000000    0.001390490660977
 542.000000000000000    0.001392428691985
 544.000000000000000    0.001394357461524
 546.000000000000000    0.001396277136522
 548.000000000000000    0.001398187777501
 550.000000000000000    0.001400089557053
 552.000000000000000    0.001401982504180
 554.000000000000000    0.001403866713105
 556.000000000000000    0.001405742318921
 558.000000000000000    0.001407609364538
 560.000000000000000    0.001409468072135
 562.000000000000000    0.001411318356971
 564.000000000000000    0.001413160432326
 566.000000000000000    0.001414994448505
 568.000000000000000    0.001416820199917
 570.000000000000000    0.001418638116888
 572.000000000000000    0.001420448186070
 574.000000000000000    0.001422250418550
 576.000000000000000    0.001424044849242
 578.000000000000000    0.001425831681351
 580.000000000000000    0.001427611003833
 582.000000000000000    0.001429382883232
 584.000000000000000    0.001431147338210
 586.000000000000000    0.001432904571675
 588.000000000000000    0.001434654440650
 590.000000000000000    0.001436397193784
 592.000000000000000    0.001438132935770
 594.000000000000000    0.001439861624367
 596.000000000000000    0.001441583416065
 598.000000000000000    0.001443298358818
 600.000000000000000    0.001445006600625
 602.000000000000000    0.001446708005180
 604.000000000000000    0.001448403011737
 606.000000000000000    0.001450091251365
 608.000000000000000    0.001451773113216
 610.000000000000000    0.001453448385433
 612.000000000000000    0.001455117540290
 614.000000000000000    0.001456780288469
 616.000000000000000    0.001458436883794
 618.000000000000000    0.001460087323758
 620.000000000000000    0.001461731642953
 622.000000000000000    0.001463369982453
 624.000000000000000    0.001465002346775
 626.000000000000000    0.001466628872791
 628.000000000000000    0.001468249692494
 630.000000000000000    0.001469864473145
 632.000000000000000    0.001471473817105
 634.000000000000000    0.001473077291720
 636.000000000000000    0.001474675369466
 638.000000000000000    0.001476267829099
 640.000000000000000    0.001477854796470
 642.000000000000000    0.001479436553664
 644.000000000000000    0.001481012797611
 646.000000000000000    0.001482583859388
 648.000000000000000    0.001484149529613
 650.000000000000000    0.001485710164111
 652.000000000000000    0.001487265642366
 654.000000000000000    0.001488816184882
 656.000000000000000    0.001490361464794
 658.000000000000000    0.001491901874476
 660.000000000000000    0.001493437351811
 662.000000000000000    0.001494968191046
 664.000000000000000    0.001496494025327
 666.000000000000000    0.001498015200622
 668.000000000000000    0.001499531657838
 670.000000000000000    0.001501043412076
 672.000000000000000    0.001502550515875
 674.000000000000000    0.001504053298397
 676.000000000000000    0.001505551555375
 678.000000000000000    0.001507045203400
 680.000000000000000    0.001508534450943
 682.000000000000000    0.001510019457556
 684.000000000000000    0.001511500053018
 686.000000000000000    0.001512976402437
 688.000000000000000    0.001514448634969
 690.000000000000000    0.001515916400757
 692.000000000000000    0.001517380542815
 694.000000000000000    0.001518840320358
 696.000000000000000    0.001520296112936
 698.000000000000000    0.001521747714151
 700.000000000000000    0.001523195579031
 702.000000000000000    0.001524639508469
 704.000000000000000    0.001526079476855
 706.000000000000000    0.001527515831438
 708.000000000000000    0.001528948207878
 710.000000000000000    0.001530376753898
 712.000000000000000    0.001531801805511
 714.000000000000000    0.001533223186308
 716.000000000000000    0.001534640936818
 718.000000000000000    0.001536054974471
 720.000000000000000    0.001537465645678
 722.000000000000000    0.001538872674493
 724.000000000000000    0.001540276215753
 726.000000000000000    0.001541676503627
 728.000000000000000    0.001543073293558
 730.000000000000000    0.001544466764660
 732.000000000000000    0.001545856961646
 734.000000000000000    0.001547243802908
 736.000000000000000    0.001548627302140
 738.000000000000000    0.001550007812985
 740.000000000000000    0.001551385209208
 742.000000000000000    0.001552759414383
 744.000000000000000    0.001554130318302
 746.000000000000000    0.001555498332495
 748.000000000000000    0.001556863347591
 750.000000000000000    0.001558225284826
 752.000000000000000    0.001559584403404
 754.000000000000000    0.001560940489565
 756.000000000000000    0.001562293665456
 758.000000000000000    0.001563643942950
 760.000000000000000    0.001564991334031
 762.000000000000000    0.001566336274764
 764.000000000000000    0.001567678098152
 766.000000000000000    0.001569017299764
 768.000000000000000    0.001570353884624
 770.000000000000000    0.001571687380224
 772.000000000000000    0.001573018878615
 774.000000000000000    0.001574347506009
 776.000000000000000    0.001575673674036
 778.000000000000000    0.001576996791112
 780.000000000000000    0.001578318101014
 782.000000000000000    0.001579636485708
 784.000000000000000    0.001580952743820
 786.000000000000000    0.001582266183014
 788.000000000000000    0.001583577442640
 790.000000000000000    0.001584886041421
 792.000000000000000    0.001586192586832
 794.000000000000000    0.001587496950973
 796.000000000000000    0.001588798697418
 798.000000000000000    0.001590098325334
