   0.000000000000000       -92.999030522955678
   2.000000000000000       -92.999031036715380
   4.000000000000000       -92.999031602813048
   6.000000000000000       -92.999032257088032
   8.000000000000000       -92.999033058080300
  10.000000000000000       -92.999034193571987
  12.000000000000000       -92.999036008826465
  14.000000000000000       -92.999039066179392
  16.000000000000000       -92.999044114917837
  18.000000000000000       -92.999052147943601
  20.000000000000000       -92.999064373069331
  22.000000000000000       -92.999082149327251
  24.000000000000000       -92.999106967016061
  26.000000000000000       -92.999140361770245
  28.000000000000000       -92.999183974290233
  30.000000000000000       -92.999239386064104
  32.000000000000000       -92.999308211445950
  34.000000000000000       -92.999391968398626
  36.000000000000000       -92.999492165527528
  38.000000000000000       -92.999610232291005
  40.000000000000000       -92.999747502780409
  42.000000000000000       -92.999905276660527
  44.000000000000000       -93.000084724231257
  46.000000000000000       -93.000286980142107
  48.000000000000000       -93.000513077080271
  50.000000000000000       -93.000764008096994
  52.000000000000000       -93.001040633618885
  54.000000000000000       -93.001343810292042
  56.000000000000000       -93.001674307862061
  58.000000000000000       -93.002032819162480
  60.000000000000000       -93.002420010750413
  62.000000000000000       -93.002836480806380
  64.000000000000000       -93.003282750481731
  66.000000000000000       -93.003759343607499
  68.000000000000000       -93.004266694363707
  70.000000000000000       -93.004805217748654
  72.000000000000000       -93.005375285512883
  74.000000000000000       -93.005977221767921
  76.000000000000000       -93.006611341669668
  78.000000000000000       -93.007277870025106
  80.000000000000000       -93.007977056865414
  82.000000000000000       -93.008709112566706
  84.000000000000000       -93.009474187525313
  86.000000000000000       -93.010272444602549
  88.000000000000000       -93.011104001575490
  90.000000000000000       -93.011968934542878
  92.000000000000000       -93.012867339018143
  94.000000000000000       -93.013799269476806
  96.000000000000000       -93.014764774383636
  98.000000000000000       -93.015763850844536
 100.000000000000000       -93.016796521540073
 102.000000000000000       -93.017862761155300
 104.000000000000000       -93.018962567901440
 106.000000000000000       -93.020095889067093
 108.000000000000000       -93.021262673227469
 110.000000000000000       -93.022462886400774
 112.000000000000000       -93.023696437619307
 114.000000000000000       -93.024963238500717
 116.000000000000000       -93.026263244184022
 118.000000000000000       -93.027596323787321
 120.000000000000000       -93.028962383240099
 122.000000000000000       -93.030361329822824
 124.000000000000000       -93.031793039038547
 126.000000000000000       -93.033257401102503
 128.000000000000000       -93.034754293529971
 130.000000000000000       -93.036283589535074
 132.000000000000000       -93.037845157156866
 134.000000000000000       -93.039438873859098
 136.000000000000000       -93.041064585855096
 138.000000000000000       -93.042722184825138
 140.000000000000000       -93.044411502682976
 142.000000000000000       -93.046132409098789
 144.000000000000000       -93.047884766066915
 146.000000000000000       -93.049668428833485
 148.000000000000000       -93.051483229737030
 150.000000000000000       -93.053329067566736
 152.000000000000000       -93.055205764335057
 154.000000000000000       -93.057113173718719
 156.000000000000000       -93.059051156875412
 158.000000000000000       -93.061019563884528
 160.000000000000000       -93.063018245148328
 162.000000000000000       -93.065047061516026
 164.000000000000000       -93.067105846750906
 166.000000000000000       -93.069194495850624
 168.000000000000000       -93.071312820810789
 170.000000000000000       -93.073460664044774
 172.000000000000000       -93.075637941771831
 174.000000000000000       -93.077844480007101
 176.000000000000000       -93.080080124009285
 178.000000000000000       -93.082344741940247
 180.000000000000000       -93.084638193725397
 182.000000000000000       -93.086960328928200
 184.000000000000000       -93.089311034161469
 186.000000000000000       -93.091690140610510
 188.000000000000000       -93.094097523432467
 190.000000000000000       -93.096533057129577
 192.000000000000000       -93.098996590830808
 194.000000000000000       -93.101488011332606
 196.000000000000000       -93.104007135534346
 198.000000000000000       -93.106553907101869
 200.000000000000000       -93.109128130411165
 202.000000000000000       -93.111729696520854
 204.000000000000000       -93.114358517855550
 206.000000000000000       -93.117014420631605
 208.000000000000000       -93.119697279350902
 210.000000000000000       -93.122406969271864
 212.000000000000000       -93.125143407442778
 214.000000000000000       -93.127906448469815
 216.000000000000000       -93.130695923878150
 218.000000000000000       -93.133511785318575
 220.000000000000000       -93.136353879615299
 222.000000000000000       -93.139222082012679
 224.000000000000000       -93.142116301556612
 226.000000000000000       -93.145036394499513
 228.000000000000000       -93.147982267742165
 230.000000000000000       -93.150953817661843
 232.000000000000000       -93.153950887696681
 234.000000000000000       -93.156973401382004
 236.000000000000000       -93.160021262611977
 238.000000000000000       -93.163094328358724
 240.000000000000000       -93.166192478066847
 242.000000000000000       -93.169315676895565
 244.000000000000000       -93.172463754236745
 246.000000000000000       -93.175636636076277
 248.000000000000000       -93.178834189506318
 250.000000000000000       -93.182056301484351
 252.000000000000000       -93.185302946367173
 254.000000000000000       -93.188573954416540
 256.000000000000000       -93.191869247082025
 258.000000000000000       -93.195188729533271
 260.000000000000000       -93.198532278021176
 262.000000000000000       -93.201899852329248
 264.000000000000000       -93.205291266443382
 266.000000000000000       -93.208706549744164
 268.000000000000000       -93.212145473609638
 270.000000000000000       -93.215608018453693
 272.000000000000000       -93.219094116964484
 274.000000000000000       -93.222603584058845
 276.000000000000000       -93.226136407191220
 278.000000000000000       -93.229692497845576
 280.000000000000000       -93.233271743155399
 282.000000000000000       -93.236874008225001
 284.000000000000000       -93.240499286465962
 286.000000000000000       -93.244147454111072
 288.000000000000000       -93.247818411801134
 290.000000000000000       -93.251512102648960
 292.000000000000000       -93.255228376434602
 294.000000000000000       -93.258967251562510
 296.000000000000000       -93.262728591914339
 298.000000000000000       -93.266512260383394
 300.000000000000000       -93.270318303918970
 302.000000000000000       -93.274146536848235
 304.000000000000000       -93.277996889353858
 306.000000000000000       -93.281869297984187
 308.000000000000000       -93.285763736936971
 310.000000000000000       -93.289680022205872
 312.000000000000000       -93.293618168258462
 314.000000000000000       -93.297578022036816
 316.000000000000000       -93.301559584809738
 318.000000000000000       -93.305562715477862
 320.000000000000000       -93.309587376254726
 322.000000000000000       -93.313633456446880
 324.000000000000000       -93.317700917617501
 326.000000000000000       -93.321789687658949
 328.000000000000000       -93.325899630923701
 330.000000000000000       -93.330030752404667
 332.000000000000000       -93.334182929242303
 334.000000000000000       -93.338356127606218
 336.000000000000000       -93.342550285872790
 338.000000000000000       -93.346765282264016
 340.000000000000000       -93.351001044526612
 342.000000000000000       -93.355257551905041
 344.000000000000000       -93.359534717067689
 346.000000000000000       -93.363832438804451
 348.000000000000000       -93.368150655723881
 350.000000000000000       -93.372489411688662
 352.000000000000000       -93.376848523333777
 354.000000000000000       -93.381227878843433
 356.000000000000000       -93.385627554851794
 358.000000000000000       -93.390047357220240
 360.000000000000000       -93.394487331443486
 362.000000000000000       -93.398947329110641
 364.000000000000000       -93.403427342435535
 366.000000000000000       -93.407927225252379
 368.000000000000000       -93.412447029214377
 370.000000000000000       -93.416986599535505
 372.000000000000000       -93.421545928707459
 374.000000000000000       -93.426124948256330
 376.000000000000000       -93.430723524110689
 378.000000000000000       -93.435341719164896
 380.000000000000000       -93.439979348738959
 382.000000000000000       -93.444636422896664
 384.000000000000000       -93.449312863042877
 386.000000000000000       -93.454008620464151
 388.000000000000000       -93.458723645552922
 390.000000000000000       -93.463457844789204
 392.000000000000000       -93.468211173325727
 394.000000000000000       -93.472983580959792
 396.000000000000000       -93.477775030157446
 398.000000000000000       -93.482585420455209
 400.000000000000000       -93.487414701481541
 402.000000000000000       -93.492262838869905
 404.000000000000000       -93.497129776930109
 406.000000000000000       -93.502015474297934
 408.000000000000000       -93.506919780087486
 410.000000000000000       -93.511842726895040
 412.000000000000000       -93.516784270612803
 414.000000000000000       -93.521744310156421
 416.000000000000000       -93.526722851228030
 418.000000000000000       -93.531719733103046
 420.000000000000000       -93.536735022681214
 422.000000000000000       -93.541768519169679
 424.000000000000000       -93.546820339813181
 426.000000000000000       -93.551890345459725
 428.000000000000000       -93.556978455035619
 430.000000000000000       -93.562084656815955
 432.000000000000000       -93.567208884555555
 434.000000000000000       -93.572351096192165
 436.000000000000000       -93.577511301705741
 438.000000000000000       -93.582689375983151
 440.000000000000000       -93.587885213042654
 442.000000000000000       -93.593098859780142
 444.000000000000000       -93.598330265596346
 446.000000000000000       -93.603579278235713
 448.000000000000000       -93.608845964740411
 450.000000000000000       -93.614130259254836
 452.000000000000000       -93.619432029527772
 454.000000000000000       -93.624751287116979
 456.000000000000000       -93.630087991463171
 458.000000000000000       -93.635442105684902
 460.000000000000000       -93.640813571598017
 462.000000000000000       -93.646202303123999
 464.000000000000000       -93.651608262117350
 466.000000000000000       -93.657031404817573
 468.000000000000000       -93.662471780626220
 470.000000000000000       -93.667929085099701
 472.000000000000000       -93.673403574985045
 474.000000000000000       -93.678895028372608
 476.000000000000000       -93.684403515414147
 478.000000000000000       -93.689928843693608
 480.000000000000000       -93.695471059362305
 482.000000000000000       -93.701030125613258
 484.000000000000000       -93.706605894909913
 486.000000000000000       -93.712198486655808
 488.000000000000000       -93.717807731630288
 490.000000000000000       -93.723433655651846
 492.000000000000000       -93.729076130918742
 494.000000000000000       -93.734735197805549
 496.000000000000000       -93.740410762877090
 498.000000000000000       -93.746102772486637
 500.000000000000000       -93.751811257556056
 502.000000000000000       -93.757536113477371
 504.000000000000000       -93.763277292981826
 506.000000000000000       -93.769034765656315
 508.000000000000000       -93.774808549232475
 510.000000000000000       -93.780598497622648
 512.000000000000000       -93.786404621557722
 514.000000000000000       -93.792226877943378
 516.000000000000000       -93.798065255954242
 518.000000000000000       -93.803919640329767
 520.000000000000000       -93.809790046574008
 522.000000000000000       -93.815676372722947
 524.000000000000000       -93.821578691519250
 526.000000000000000       -93.827496862400935
 528.000000000000000       -93.833430875325007
 530.000000000000000       -93.839380670528058
 532.000000000000000       -93.845346232706078
 534.000000000000000       -93.851327582737028
 536.000000000000000       -93.857324583215430
 538.000000000000000       -93.863337154654957
 540.000000000000000       -93.869365397582996
 542.000000000000000       -93.875409193289627
 544.000000000000000       -93.881468510538980
 546.000000000000000       -93.887543301232000
 548.000000000000000       -93.893633573595395
 550.000000000000000       -93.899739221987062
 552.000000000000000       -93.905860274080268
 554.000000000000000       -93.911996647382537
 556.000000000000000       -93.918148301181958
 558.000000000000000       -93.924315266680424
 560.000000000000000       -93.930497330352466
 562.000000000000000       -93.936694707994093
 564.000000000000000       -93.942907190580570
 566.000000000000000       -93.949134670081619
 568.000000000000000       -93.955377453685031
 570.000000000000000       -93.961635100391646
 572.000000000000000       -93.967907743559380
 574.000000000000000       -93.974195347467059
 576.000000000000000       -93.980497960615637
 578.000000000000000       -93.986815447753486
 580.000000000000000       -93.993147746036840
 582.000000000000000       -93.999494840387385
 584.000000000000000       -94.005856790936761
 586.000000000000000       -94.012233355935408
 588.000000000000000       -94.018624769094941
 590.000000000000000       -94.025030865864849
 592.000000000000000       -94.031451533999501
 594.000000000000000       -94.037886841793608
 596.000000000000000       -94.044336701775492
 598.000000000000000       -94.050801116600240
 600.000000000000000       -94.057280005801886
 602.000000000000000       -94.063773442641519
 604.000000000000000       -94.070281157807173
 606.000000000000000       -94.076803436570515
 608.000000000000000       -94.083339972958967
 610.000000000000000       -94.089890986758363
 612.000000000000000       -94.096456139724779
 614.000000000000000       -94.103035654089240
 616.000000000000000       -94.109629338465410
 618.000000000000000       -94.116237268289282
 620.000000000000000       -94.122859372331860
 622.000000000000000       -94.129495601728593
 624.000000000000000       -94.136145936922588
 626.000000000000000       -94.142810297090037
 628.000000000000000       -94.149488664148720
 630.000000000000000       -94.156181186340049
 632.000000000000000       -94.162887521613442
 634.000000000000000       -94.169607965319358
 636.000000000000000       -94.176342160123426
 638.000000000000000       -94.183090317344423
 640.000000000000000       -94.189852321971514
 642.000000000000000       -94.196628078883236
 644.000000000000000       -94.203417679806051
 646.000000000000000       -94.210220979077079
 648.000000000000000       -94.217038095478841
 650.000000000000000       -94.223868828784873
 652.000000000000000       -94.230713222749870
 654.000000000000000       -94.237571177278426
 656.000000000000000       -94.244442890904836
 658.000000000000000       -94.251328110356809
 660.000000000000000       -94.258226892617543
 662.000000000000000       -94.265139070095657
 664.000000000000000       -94.272064827544980
 666.000000000000000       -94.279003988821131
 668.000000000000000       -94.285956585089394
 670.000000000000000       -94.292922593108429
 672.000000000000000       -94.299901974482211
 674.000000000000000       -94.306894592821095
 676.000000000000000       -94.313900502584360
 678.000000000000000       -94.320919774077339
 680.000000000000000       -94.327952291890369
 682.000000000000000       -94.334997952921256
 684.000000000000000       -94.342056846880311
 686.000000000000000       -94.349128913108572
 688.000000000000000       -94.356214028918885
 690.000000000000000       -94.363312413744808
 692.000000000000000       -94.370423603034553
 694.000000000000000       -94.377547985909914
 696.000000000000000       -94.384685358749508
 698.000000000000000       -94.391835808408828
 700.000000000000000       -94.398999109268487
 702.000000000000000       -94.406175352091878
 704.000000000000000       -94.413364552923284
 706.000000000000000       -94.420566524868704
 708.000000000000000       -94.427781436161951
 710.000000000000000       -94.435009207562686
 712.000000000000000       -94.442249672175393
 714.000000000000000       -94.449502925843348
 716.000000000000000       -94.456768910390267
 718.000000000000000       -94.464047664808305
 720.000000000000000       -94.471339030256416
 722.000000000000000       -94.478643104349615
 724.000000000000000       -94.485959843761307
 726.000000000000000       -94.493289104086699
 728.000000000000000       -94.500631001632627
 730.000000000000000       -94.507985435063347
 732.000000000000000       -94.515352376069075
 734.000000000000000       -94.522731839804266
 736.000000000000000       -94.530123819698758
 738.000000000000000       -94.537528171733683
 740.000000000000000       -94.544944920016647
 742.000000000000000       -94.552374098857882
 744.000000000000000       -94.559815724558320
 746.000000000000000       -94.567269627440211
 748.000000000000000       -94.574735840120113
 750.000000000000000       -94.582214384237432
 752.000000000000000       -94.589705132506680
 754.000000000000000       -94.597208182186918
 756.000000000000000       -94.604723436173458
 758.000000000000000       -94.612250935496988
 760.000000000000000       -94.619790584805031
 762.000000000000000       -94.627342294350427
 764.000000000000000       -94.634906218370787
 766.000000000000000       -94.642482211134535
 768.000000000000000       -94.650070255214601
 770.000000000000000       -94.657670476218641
 772.000000000000000       -94.665282526805129
 774.000000000000000       -94.672906637854325
 776.000000000000000       -94.680542702757307
 778.000000000000000       -94.688190869888231
 780.000000000000000       -94.695850758788239
 782.000000000000000       -94.703522667265830
 784.000000000000000       -94.711206350515795
 786.000000000000000       -94.718902033983980
 788.000000000000000       -94.726609460599718
 790.000000000000000       -94.734328795829413
 792.000000000000000       -94.742059836467618
 794.000000000000000       -94.749802595934582
 796.000000000000000       -94.757557160848677
 798.000000000000000       -94.765323437801385
