   0.000000000000000         0.000000000000000
   2.000000000000000         0.000000000000000
   4.000000000000000       -25.978680757237395
   6.000000000000000        -9.518109445407832
   8.000000000000000        -6.366169595243163
  10.000000000000000        -5.495414186753220
  12.000000000000000        -4.930941676145709
  14.000000000000000        -4.447837084994252
  16.000000000000000        -4.029272408404769
  18.000000000000000        -3.665421812320329
  20.000000000000000        -3.352050384295757
  22.000000000000000        -3.080976166345906
  24.000000000000000        -2.845393245374729
  26.000000000000000        -2.637738661429697
  28.000000000000000        -2.453242483102665
  30.000000000000000        -2.288100636474705
  32.000000000000000        -2.139073379538237
  34.000000000000000        -2.003625535613905
  36.000000000000000        -1.879190518608992
  38.000000000000000        -1.764453380935475
  40.000000000000000        -1.657812912232574
  42.000000000000000        -1.558231836465590
  44.000000000000000        -1.464874373893473
  46.000000000000000        -1.376897186164909
  48.000000000000000        -1.293725466000192
  50.000000000000000        -1.215033880787334
  52.000000000000000        -1.140388560048799
  54.000000000000000        -1.069306417542273
  56.000000000000000        -1.001696858654111
  58.000000000000000        -0.937279171423237
  60.000000000000000        -0.875834910697502
  62.000000000000000        -0.817330402898233
  64.000000000000000        -0.761472431751030
  66.000000000000000        -0.708168994750837
  68.000000000000000        -0.657337649775627
  70.000000000000000        -0.608774590842634
  72.000000000000000        -0.562468883314463
  74.000000000000000        -0.518217249548554
  76.000000000000000        -0.476008991111316
  78.000000000000000        -0.435755167051896
  80.000000000000000        -0.397251150539192
  82.000000000000000        -0.360506318784515
  84.000000000000000        -0.325417088998278
  86.000000000000000        -0.291869145642730
  88.000000000000000        -0.259878598346369
  90.000000000000000        -0.229327521177462
  92.000000000000000        -0.200071998544216
  94.000000000000000        -0.172089683264302
  96.000000000000000        -0.145373207778013
  98.000000000000000        -0.119809814739671
 100.000000000000000        -0.095345938878250
 102.000000000000000        -0.071940190777602
 104.000000000000000        -0.049520684635622
 106.000000000000000        -0.028079835226543
 108.000000000000000        -0.007491834516955
 110.000000000000000         0.012225916061296
 112.000000000000000         0.031060007743100
 114.000000000000000         0.049183426361920
 116.000000000000000         0.066568735310862
 118.000000000000000         0.083184989248034
 120.000000000000000         0.099175708935128
 122.000000000000000         0.114522771753144
 124.000000000000000         0.129246470229282
 126.000000000000000         0.143403051718547
 128.000000000000000         0.157005381264031
 130.000000000000000         0.170059468409669
 132.000000000000000         0.182610982811666
 134.000000000000000         0.194681304952276
 136.000000000000000         0.206306538889556
 138.000000000000000         0.217484000396478
 140.000000000000000         0.228201117604607
 142.000000000000000         0.238550492689659
 144.000000000000000         0.248529713190308
 146.000000000000000         0.258097274464524
 148.000000000000000         0.267330931745989
 150.000000000000000         0.276247936964750
 152.000000000000000         0.284813500014054
 154.000000000000000         0.293064380486079
 156.000000000000000         0.301019089724937
 158.000000000000000         0.308690068594068
 160.000000000000000         0.316097865653786
 162.000000000000000         0.323220024049592
 164.000000000000000         0.330110584614317
 166.000000000000000         0.336766983127736
 168.000000000000000         0.343114389115556
 170.000000000000000         0.349295809792719
 172.000000000000000         0.355309577092625
 174.000000000000000         0.361062948297584
 176.000000000000000         0.366606291772599
 178.000000000000000         0.371968984318973
 180.000000000000000         0.377154340435669
 182.000000000000000         0.382174250403742
 184.000000000000000         0.387007265842595
 186.000000000000000         0.391664347043934
 188.000000000000000         0.396192462655940
 190.000000000000000         0.400555630076059
 192.000000000000000         0.404785055473249
 194.000000000000000         0.408843366473074
 196.000000000000000         0.412783636187505
 198.000000000000000         0.416602157171366
 200.000000000000000         0.420251160962629
 202.000000000000000         0.423857688293405
 204.000000000000000         0.427325772056303
 206.000000000000000         0.430621141914006
 208.000000000000000         0.433830460550470
 210.000000000000000         0.436964650637846
 212.000000000000000         0.440013680231975
 214.000000000000000         0.442906752973789
 216.000000000000000         0.445720152493943
 218.000000000000000         0.448485009730120
 220.000000000000000         0.451123440503189
 222.000000000000000         0.453692325077683
 224.000000000000000         0.456172437344945
 226.000000000000000         0.458566287012237
 228.000000000000000         0.460921285528492
 230.000000000000000         0.463167344092066
 232.000000000000000         0.465333169165803
 234.000000000000000         0.467483467062340
 236.000000000000000         0.469534783227308
 238.000000000000000         0.471485080370684
 240.000000000000000         0.473446205844422
 242.000000000000000         0.475332791418481
 244.000000000000000         0.477125348179789
 246.000000000000000         0.478878258736121
 248.000000000000000         0.480544607152370
 250.000000000000000         0.482218029648744
 252.000000000000000         0.483838855221810
 254.000000000000000         0.485377638862778
 256.000000000000000         0.486884447820882
 258.000000000000000         0.488334355070687
 260.000000000000000         0.489764415891069
 262.000000000000000         0.491125278383829
 264.000000000000000         0.492478404102319
 266.000000000000000         0.493773880638993
 268.000000000000000         0.494986026553965
 270.000000000000000         0.496249339569767
 272.000000000000000         0.497422074257095
 274.000000000000000         0.498533825487612
 276.000000000000000         0.499688124477150
 278.000000000000000         0.500800162249258
 280.000000000000000         0.501824353690088
 282.000000000000000         0.502833870011751
 284.000000000000000         0.503850011394370
 286.000000000000000         0.504809111567552
 288.000000000000000         0.505740613329777
 290.000000000000000         0.506633631091772
 292.000000000000000         0.507516161641666
 294.000000000000000         0.508424646843675
 296.000000000000000         0.509231474095556
 298.000000000000000         0.510038476248630
 300.000000000000000         0.510866665578009
 302.000000000000000         0.511607617632761
 304.000000000000000         0.512334353602867
 306.000000000000000         0.513100517265690
 308.000000000000000         0.513810991174865
 310.000000000000000         0.514481914990046
 312.000000000000000         0.515159007574448
 314.000000000000000         0.515817293336708
 316.000000000000000         0.516461344650551
 318.000000000000000         0.517075262714169
 320.000000000000000         0.517676546474089
 322.000000000000000         0.518256024813050
 324.000000000000000         0.518847927518145
 326.000000000000000         0.519393141047950
 328.000000000000000         0.519925069931113
 330.000000000000000         0.520460802789616
 332.000000000000000         0.520983641763750
 334.000000000000000         0.521512247377656
 336.000000000000000         0.521993617746080
 338.000000000000000         0.522452102728897
 340.000000000000000         0.522928080887019
 342.000000000000000         0.523395320449000
 344.000000000000000         0.523828760149027
 346.000000000000000         0.524239480191478
 348.000000000000000         0.524695000127688
 350.000000000000000         0.525135264670084
 352.000000000000000         0.525495098508328
 354.000000000000000         0.525894485906739
 356.000000000000000         0.526291445676002
 358.000000000000000         0.526668054810559
 360.000000000000000         0.527047127384498
 362.000000000000000         0.527398483250409
 364.000000000000000         0.527744028354810
 366.000000000000000         0.528092312205922
 368.000000000000000         0.528437904101174
 370.000000000000000         0.528769269698999
 372.000000000000000         0.529103117759807
 374.000000000000000         0.529407948972673
 376.000000000000000         0.529724307738428
 378.000000000000000         0.530027403766356
 380.000000000000000         0.530310143331731
 382.000000000000000         0.530610460323950
 384.000000000000000         0.530893347821671
 386.000000000000000         0.531191720278243
 388.000000000000000         0.531462900583143
 390.000000000000000         0.531723433844021
 392.000000000000000         0.532000924519015
 394.000000000000000         0.532259461400294
 396.000000000000000         0.532519387672694
 398.000000000000000         0.532757175091992
 400.000000000000000         0.533004167506606
 402.000000000000000         0.533262743326221
 404.000000000000000         0.533505795366853
 406.000000000000000         0.533725187406278
 408.000000000000000         0.533952165460128
 410.000000000000000         0.534190255919788
 412.000000000000000         0.534409693707934
 414.000000000000000         0.534648355225839
 416.000000000000000         0.534858205869015
 418.000000000000000         0.535061630849381
 420.000000000000000         0.535266636290723
 422.000000000000000         0.535476012218225
 424.000000000000000         0.535699145843114
 426.000000000000000         0.535894465651871
 428.000000000000000         0.536091505240384
 430.000000000000000         0.536279482479553
 432.000000000000000         0.536481749452561
 434.000000000000000         0.536687333774861
 436.000000000000000         0.536872618497478
 438.000000000000000         0.537043817793812
 440.000000000000000         0.537234889199390
 442.000000000000000         0.537432012426109
 444.000000000000000         0.537608244451549
 446.000000000000000         0.537793298503732
 448.000000000000000         0.537965545314049
 450.000000000000000         0.538135881432605
 452.000000000000000         0.538315766675155
 454.000000000000000         0.538496901160351
 456.000000000000000         0.538668477747391
 458.000000000000000         0.538824116310461
 460.000000000000000         0.538990775502131
 462.000000000000000         0.539161969093263
 464.000000000000000         0.539339856135614
 466.000000000000000         0.539502452200184
 468.000000000000000         0.539659408562376
 470.000000000000000         0.539823533889699
 472.000000000000000         0.539979599138621
 474.000000000000000         0.540140330301284
 476.000000000000000         0.540304813181188
 478.000000000000000         0.540461894717508
 480.000000000000000         0.540618180717301
 482.000000000000000         0.540781514614150
 484.000000000000000         0.540921476305741
 486.000000000000000         0.541076949520964
 488.000000000000000         0.541239531591932
 490.000000000000000         0.541391951070798
 492.000000000000000         0.541544383043166
 494.000000000000000         0.541700248507571
 496.000000000000000         0.541865072945808
 498.000000000000000         0.542003984951952
 500.000000000000000         0.542152540513181
 502.000000000000000         0.542300835550383
 504.000000000000000         0.542446337943274
 506.000000000000000         0.542593213264637
 508.000000000000000         0.542753126844493
 510.000000000000000         0.542908823219791
 512.000000000000000         0.543035996126008
 514.000000000000000         0.543193000245336
 516.000000000000000         0.543346351365601
 518.000000000000000         0.543480887406885
 520.000000000000000         0.543637609134434
 522.000000000000000         0.543790365612982
 524.000000000000000         0.543925084680055
 526.000000000000000         0.544085274046292
 528.000000000000000         0.544239739993706
 530.000000000000000         0.544374708511381
 532.000000000000000         0.544503323099622
 534.000000000000000         0.544632864257682
 536.000000000000000         0.544821750510926
 538.000000000000000         0.544978496395665
 540.000000000000000         0.545101694412327
 542.000000000000000         0.545253858272858
 544.000000000000000         0.545393102814531
 546.000000000000000         0.545535264546250
 548.000000000000000         0.545693096178558
 550.000000000000000         0.545839301686204
 552.000000000000000         0.545975085259983
 554.000000000000000         0.546126691910295
 556.000000000000000         0.546254363391661
 558.000000000000000         0.546424937106048
 560.000000000000000         0.546579944419003
 562.000000000000000         0.546697541674170
 564.000000000000000         0.546901044527057
 566.000000000000000         0.547000344828940
 568.000000000000000         0.547118719148483
 570.000000000000000         0.547338597903245
 572.000000000000000         0.547492911355274
 574.000000000000000         0.547599633665004
 576.000000000000000         0.547716904682849
 578.000000000000000         0.547894762714829
 580.000000000000000         0.548074424772768
 582.000000000000000         0.548211684673776
 584.000000000000000         0.548388385589711
 586.000000000000000         0.548517036215348
 588.000000000000000         0.548607232447429
 590.000000000000000         0.548799528965643
 592.000000000000000         0.548956963002246
 594.000000000000000         0.549090534128637
 596.000000000000000         0.549260961113472
 598.000000000000000         0.549431528383253
 600.000000000000000         0.549546398474212
 602.000000000000000         0.549739171311865
 604.000000000000000         0.549902819849715
 606.000000000000000         0.550018162812211
 608.000000000000000         0.550137122552086
 610.000000000000000         0.550317530038666
 612.000000000000000         0.550513478345785
 614.000000000000000         0.550646085457404
 616.000000000000000         0.550812230287574
 618.000000000000000         0.550939618523149
 620.000000000000000         0.551099321630091
 622.000000000000000         0.551252173163365
 624.000000000000000         0.551431834067372
 626.000000000000000         0.551658959404094
 628.000000000000000         0.551741258291758
 630.000000000000000         0.551900469672273
 632.000000000000000         0.552057149522762
 634.000000000000000         0.552202960953529
 636.000000000000000         0.552400591073851
 638.000000000000000         0.552510308120442
 640.000000000000000         0.552729314326345
 642.000000000000000         0.552892110531980
 644.000000000000000         0.553043100681487
 646.000000000000000         0.553173739222710
 648.000000000000000         0.553330995476427
 650.000000000000000         0.553542096088582
 652.000000000000000         0.553735525842704
 654.000000000000000         0.553846670965720
 656.000000000000000         0.553946577183404
 658.000000000000000         0.554137075458852
 660.000000000000000         0.554383373489969
 662.000000000000000         0.554543626511244
 664.000000000000000         0.554656505955227
 666.000000000000000         0.554861706711314
 668.000000000000000         0.554998951441779
 670.000000000000000         0.555121985024302
 672.000000000000000         0.555370692419814
 674.000000000000000         0.555617719452427
 676.000000000000000         0.555706821659948
 678.000000000000000         0.555816733981577
 680.000000000000000         0.556033562171190
 682.000000000000000         0.556216558336049
 684.000000000000000         0.556353511243143
 686.000000000000000         0.556575804315670
 688.000000000000000         0.556667571454587
 690.000000000000000         0.556917845457804
 692.000000000000000         0.557184028366566
 694.000000000000000         0.557262100324091
 696.000000000000000         0.557377049607490
 698.000000000000000         0.557570413202479
 700.000000000000000         0.557819409858688
 702.000000000000000         0.557941851411594
 704.000000000000000         0.558162962023332
 706.000000000000000         0.558346400738777
 708.000000000000000         0.558420155674703
 710.000000000000000         0.558647300020649
 712.000000000000000         0.558890991089865
 714.000000000000000         0.559058240607882
 716.000000000000000         0.559191127139306
 718.000000000000000         0.559384906325180
 720.000000000000000         0.559582620957740
 722.000000000000000         0.559705511398141
 724.000000000000000         0.559940945072054
 726.000000000000000         0.560142302697768
 728.000000000000000         0.560289466519248
 730.000000000000000         0.560503433067619
 732.000000000000000         0.560678130708361
 734.000000000000000         0.560800402263765
 736.000000000000000         0.561021235109032
 738.000000000000000         0.561301944785035
 740.000000000000000         0.561498936292533
 742.000000000000000         0.561573029101175
 744.000000000000000         0.561746189079348
 746.000000000000000         0.562026329243661
 748.000000000000000         0.562191732469643
 750.000000000000000         0.562399003363035
 752.000000000000000         0.562599427252052
 754.000000000000000         0.562748325583599
 756.000000000000000         0.562911300183782
 758.000000000000000         0.563062761687431
 760.000000000000000         0.563367185784671
 762.000000000000000         0.563555137204129
 764.000000000000000         0.563655321644377
 766.000000000000000         0.563916270962535
 768.000000000000000         0.563995675535624
 770.000000000000000         0.564270514271258
 772.000000000000000         0.564611241074213
 774.000000000000000         0.564752512577847
 776.000000000000000         0.564792935642303
 778.000000000000000         0.565070782209708
 780.000000000000000         0.565360286744422
 782.000000000000000         0.565525843387786
 784.000000000000000         0.565706041842409
 786.000000000000000         0.565841184595818
 788.000000000000000         0.566012868655447
 790.000000000000000         0.566207007086822
 792.000000000000000         0.566562305646977
 794.000000000000000         0.566703310766367
 796.000000000000000         0.566837564618115
 798.000000000000000         0.567165455756061
