        0.000000000000000       124.300032511701502
        2.000000000000000       124.300027493050948
        4.000000000000000       124.300021694752402
        6.000000000000000       124.300015737703589
        8.000000000000000       124.300006605283968
       10.000000000000000       124.299986077724483
       12.000000000000000       124.299940671335889
       14.000000000000000       124.299853992283474
       16.000000000000000       124.299708268019828
       18.000000000000000       124.299487216443637
       20.000000000000000       124.299177259747466
       22.000000000000000       124.298767859557088
       24.000000000000000       124.298252238164665
       26.000000000000000       124.297626444298544
       28.000000000000000       124.296890513232810
       30.000000000000000       124.296046113716415
       32.000000000000000       124.295097912597598
       34.000000000000000       124.294051402229258
       36.000000000000000       124.292914152049121
       38.000000000000000       124.291694437773842
       40.000000000000000       124.290401074175648
       42.000000000000000       124.289043758307912
       44.000000000000000       124.287631901482527
       46.000000000000000       124.286175389083780
       48.000000000000000       124.284683852291451
       50.000000000000000       124.283166922332427
       52.000000000000000       124.281633412563934
       54.000000000000000       124.280092380421806
       56.000000000000000       124.278552311801818
       58.000000000000000       124.277020915768162
       60.000000000000000       124.275505878226525
       62.000000000000000       124.274013998592324
       64.000000000000000       124.272551462345206
       66.000000000000000       124.271124514729308
       68.000000000000000       124.269738156543099
       70.000000000000000       124.268397437316139
       72.000000000000000       124.267106724716768
       74.000000000000000       124.265869696009375
       76.000000000000000       124.264690244814574
       78.000000000000000       124.263570783284209
       80.000000000000000       124.262514340257098
       82.000000000000000       124.261523131715919
       84.000000000000000       124.260598997541749
       86.000000000000000       124.259743591148023
       88.000000000000000       124.258958335315299
       90.000000000000000       124.258243802628797
       92.000000000000000       124.257601139946956
       94.000000000000000       124.257030895451706
       96.000000000000000       124.256533541806775
       98.000000000000000       124.256108893404416
      100.000000000000000       124.255757398339540
      102.000000000000000       124.255478540049353
      104.000000000000000       124.255272403232723
      106.000000000000000       124.255138360959791
      108.000000000000000       124.255075994477252
      110.000000000000000       124.255085038847625
      112.000000000000000       124.255164480985115
      114.000000000000000       124.255313500262830
      116.000000000000000       124.255531931923144
      118.000000000000000       124.255818378654141
      120.000000000000000       124.256172074935606
      122.000000000000000       124.256592384759927
      124.000000000000000       124.257078100367451
      126.000000000000000       124.257628456261855
      128.000000000000000       124.258242426658597
      130.000000000000000       124.258919105304216
      132.000000000000000       124.259657283434265
      134.000000000000000       124.260456217324133
      136.000000000000000       124.261314679563668
      138.000000000000000       124.262232051589208
      140.000000000000000       124.263206912064049
      142.000000000000000       124.264238369768080
      144.000000000000000       124.265325664456654
      146.000000000000000       124.266467752663218
      148.000000000000000       124.267663371896646
      150.000000000000000       124.268912058689907
      152.000000000000000       124.270212598748444
      154.000000000000000       124.271564106434752
      156.000000000000000       124.272965607526615
      158.000000000000000       124.274416298200208
      160.000000000000000       124.275915237581401
      162.000000000000000       124.277461739994038
      164.000000000000000       124.279054572952560
      166.000000000000000       124.280693505716158
      168.000000000000000       124.282377215310845
      170.000000000000000       124.284104670491402
      172.000000000000000       124.285875906467240
      174.000000000000000       124.287689827579797
      176.000000000000000       124.289545487925068
      178.000000000000000       124.291442248185675
      180.000000000000000       124.293379415888154
      182.000000000000000       124.295356345301968
      184.000000000000000       124.297372429635971
      186.000000000000000       124.299426758826286
      188.000000000000000       124.301518805374300
      190.000000000000000       124.303648121572650
      192.000000000000000       124.305813766200032
      194.000000000000000       124.308015596432710
      196.000000000000000       124.310252236107800
      198.000000000000000       124.312524094542582
      200.000000000000000       124.314829722656711
      202.000000000000000       124.317168986811041
      204.000000000000000       124.319541815404648
      206.000000000000000       124.321946989178741
      208.000000000000000       124.324384031602335
      210.000000000000000       124.326852671681777
      212.000000000000000       124.329352541660000
      214.000000000000000       124.331883237775244
      216.000000000000000       124.334443566673272
      218.000000000000000       124.337033985188825
      220.000000000000000       124.339653637919838
      222.000000000000000       124.342302069789923
      224.000000000000000       124.344979072013771
      226.000000000000000       124.347683947733955
      228.000000000000000       124.350416507664335
      230.000000000000000       124.353176602337101
      232.000000000000000       124.355963196121195
      234.000000000000000       124.358776473804966
      236.000000000000000       124.361616163970183
      238.000000000000000       124.364481433851722
      240.000000000000000       124.367371976585758
      242.000000000000000       124.370288316541192
      244.000000000000000       124.373229087154726
      246.000000000000000       124.376194569752499
      248.000000000000000       124.379184054284281
      250.000000000000000       124.382197235271690
      252.000000000000000       124.385234565615733
      254.000000000000000       124.388294977643142
      256.000000000000000       124.391378555194990
      258.000000000000000       124.394484850599156
      260.000000000000000       124.397613624851004
      262.000000000000000       124.400764901226495
      264.000000000000000       124.403937793050119
      266.000000000000000       124.407133123357539
      268.000000000000000       124.410349335712453
      270.000000000000000       124.413586932670270
      272.000000000000000       124.416846093829534
      274.000000000000000       124.420125462317600
      276.000000000000000       124.423425611531485
      278.000000000000000       124.426746533766917
      280.000000000000000       124.430087680930868
      282.000000000000000       124.433448434708836
      284.000000000000000       124.436829223770602
      286.000000000000000       124.440229699827967
      288.000000000000000       124.443649439950931
      290.000000000000000       124.447088489062196
      292.000000000000000       124.450546267427114
      294.000000000000000       124.454023209402621
      296.000000000000000       124.457519214609022
      298.000000000000000       124.461032975139332
      300.000000000000000       124.464565793407601
      302.000000000000000       124.468116628359553
      304.000000000000000       124.471685297609213
      306.000000000000000       124.475271765284063
      308.000000000000000       124.478876595593846
      310.000000000000000       124.482498411406638
      312.000000000000000       124.486138017183336
      314.000000000000000       124.489794659795052
      316.000000000000000       124.493468805321314
      318.000000000000000       124.497159747665677
      320.000000000000000       124.500867736629615
      322.000000000000000       124.504592306406479
      324.000000000000000       124.508333580086841
      326.000000000000000       124.512091576290771
      328.000000000000000       124.515865563531264
      330.000000000000000       124.519656051984541
      332.000000000000000       124.523462543064355
      334.000000000000000       124.527285313051024
      336.000000000000000       124.531124128587308
      338.000000000000000       124.534978483874880
      340.000000000000000       124.538848510054422
      342.000000000000000       124.542734297721026
      344.000000000000000       124.546635580518497
      346.000000000000000       124.550552078086525
      348.000000000000000       124.554483692082258
      350.000000000000000       124.558431151869769
      352.000000000000000       124.562393438145051
      354.000000000000000       124.566370317682654
      356.000000000000000       124.570362588763828
      358.000000000000000       124.574369355319746
      360.000000000000000       124.578391169761517
      362.000000000000000       124.582427458859939
      364.000000000000000       124.586478330830332
      366.000000000000000       124.590543533671109
      368.000000000000000       124.594623324964417
      370.000000000000000       124.598717344331391
      372.000000000000000       124.602825690096395
      374.000000000000000       124.606948248506797
      376.000000000000000       124.611084628420556
      378.000000000000000       124.615235362831953
      380.000000000000000       124.619399646281195
      382.000000000000000       124.623577925470826
      384.000000000000000       124.627769976112489
      386.000000000000000       124.631975697405636
      388.000000000000000       124.636195382822578
      390.000000000000000       124.640428252721520
      392.000000000000000       124.644674869359108
      394.000000000000000       124.648934890079801
      396.000000000000000       124.653208302417070
      398.000000000000000       124.657495083326452
      400.000000000000000       124.661794851943000
      402.000000000000000       124.666108087321078
      404.000000000000000       124.670434443455633
      406.000000000000000       124.674773960992241
      408.000000000000000       124.679126156098292
      410.000000000000000       124.683491598970761
      412.000000000000000       124.687869844848834
      414.000000000000000       124.692260973776342
      416.000000000000000       124.696665173255894
      418.000000000000000       124.701081719621840
      420.000000000000000       124.705511192210466
      422.000000000000000       124.709952971579781
      424.000000000000000       124.714407718311548
      426.000000000000000       124.718874929641615
      428.000000000000000       124.723354595285102
      430.000000000000000       124.727846709761749
      432.000000000000000       124.732351072739846
      434.000000000000000       124.736868074615643
      436.000000000000000       124.741397329349681
      438.000000000000000       124.745938814278247
      440.000000000000000       124.750492264765469
      442.000000000000000       124.755058245639134
      444.000000000000000       124.759636237413602
      446.000000000000000       124.764226345438047
      448.000000000000000       124.768828581552285
      450.000000000000000       124.773442653463562
      452.000000000000000       124.778068762290161
      454.000000000000000       124.782706833906502
      456.000000000000000       124.787356912730900
      458.000000000000000       124.792018736459141
      460.000000000000000       124.796692235080272
      462.000000000000000       124.801377615056282
      464.000000000000000       124.806074705475112
      466.000000000000000       124.810783748297311
      468.000000000000000       124.815504188587227
      470.000000000000000       124.820236411884082
      472.000000000000000       124.824980152757462
      474.000000000000000       124.829735453025208
      476.000000000000000       124.834502315762862
      478.000000000000000       124.839280737926387
      480.000000000000000       124.844070563027330
      482.000000000000000       124.848871881035123
      484.000000000000000       124.853684673487379
      486.000000000000000       124.858508515631044
      488.000000000000000       124.863344038205895
      490.000000000000000       124.868190700808654
      492.000000000000000       124.873048807566988
      494.000000000000000       124.877918021128153
      496.000000000000000       124.882798685868565
      498.000000000000000       124.887690577776965
      500.000000000000000       124.892593414922956
      502.000000000000000       124.897507595163702
      504.000000000000000       124.902432674387427
      506.000000000000000       124.907369005706585
      508.000000000000000       124.912316217648453
      510.000000000000000       124.917274861084209
      512.000000000000000       124.922244278245302
      514.000000000000000       124.927224560013599
      516.000000000000000       124.932216117702055
      518.000000000000000       124.937218421864216
      520.000000000000000       124.942231623735012
      522.000000000000000       124.947255933789265
      524.000000000000000       124.952291038554534
      526.000000000000000       124.957336857887157
      528.000000000000000       124.962393910394866
      530.000000000000000       124.967461531086713
      532.000000000000000       124.972539986121959
      534.000000000000000       124.977628848110413
      536.000000000000000       124.982728502681127
      538.000000000000000       124.987839643671478
      540.000000000000000       124.992960956807210
      542.000000000000000       124.998093068045307
      544.000000000000000       125.003235859747150
      546.000000000000000       125.008389168246012
      548.000000000000000       125.013553177149163
      550.000000000000000       125.018727951812778
      552.000000000000000       125.023913178632583
      554.000000000000000       125.029108926310300
      556.000000000000000       125.034315392834102
      558.000000000000000       125.039531890645790
      560.000000000000000       125.044759874988245
      562.000000000000000       125.049997590832547
      564.000000000000000       125.055246004318022
      566.000000000000000       125.060505773060584
      568.000000000000000       125.065774232977802
      570.000000000000000       125.071054313270210
      572.000000000000000       125.076345055471990
      574.000000000000000       125.081646120732955
      576.000000000000000       125.086956892019231
      578.000000000000000       125.092278131247610
      580.000000000000000       125.097610222638821
      582.000000000000000       125.102952797997077
      584.000000000000000       125.108305373455266
      586.000000000000000       125.113669149157431
      588.000000000000000       125.119041990987185
      590.000000000000000       125.124425207099904
      592.000000000000000       125.129819456855287
      594.000000000000000       125.135223385919630
      596.000000000000000       125.140637838306901
      598.000000000000000       125.146062671089041
      600.000000000000000       125.151497995409827
      602.000000000000000       125.156942576728014
      604.000000000000000       125.162399139501701
      606.000000000000000       125.167864398442077
      608.000000000000000       125.173340602627519
      610.000000000000000       125.178825574502383
      612.000000000000000       125.184322645661538
      614.000000000000000       125.189828814878737
      616.000000000000000       125.195345762286877
      618.000000000000000       125.200872469241148
      620.000000000000000       125.206409136232466
      622.000000000000000       125.211956181508498
      624.000000000000000       125.217513025080024
      626.000000000000000       125.223080759337776
      628.000000000000000       125.228659238830261
      630.000000000000000       125.234245666020627
      632.000000000000000       125.239844322274266
      634.000000000000000       125.245450896410404
      636.000000000000000       125.251069404060701
      638.000000000000000       125.256696905375520
      640.000000000000000       125.262334500096159
      642.000000000000000       125.267983292114337
      644.000000000000000       125.273641026589118
      646.000000000000000       125.279309674182656
      648.000000000000000       125.284986838942828
      650.000000000000000       125.290675409617961
      652.000000000000000       125.296373604177404
      654.000000000000000       125.302082819905081
      656.000000000000000       125.307799961570296
      658.000000000000000       125.313527819313705
      660.000000000000000       125.319265469964137
      662.000000000000000       125.325014965414269
      664.000000000000000       125.330772485525145
      666.000000000000000       125.336540813872176
      668.000000000000000       125.342319077200614
      670.000000000000000       125.348106709256840
      672.000000000000000       125.353903950555292
      674.000000000000000       125.359713160000041
      676.000000000000000       125.365531956874165
      678.000000000000000       125.371359399430915
      680.000000000000000       125.377196814839522
      682.000000000000000       125.383045099420485
      684.000000000000000       125.388902649906285
      686.000000000000000       125.394770066499916
      688.000000000000000       125.400648525222010
      690.000000000000000       125.406534100031948
      692.000000000000000       125.412433996667957
      694.000000000000000       125.418341415265047
      696.000000000000000       125.424259105885866
      698.000000000000000       125.430185086941918
      700.000000000000000       125.436122960206362
      702.000000000000000       125.442070326869683
      704.000000000000000       125.448026870266148
      706.000000000000000       125.453994978656738
      708.000000000000000       125.459971477153019
      710.000000000000000       125.465957147624167
      712.000000000000000       125.471954464632319
      714.000000000000000       125.477961328416498
      716.000000000000000       125.483978176137938
      718.000000000000000       125.490003818149404
      720.000000000000000       125.496040721952156
      722.000000000000000       125.502086515066821
      724.000000000000000       125.508141924037403
      726.000000000000000       125.514208631409929
      728.000000000000000       125.520284232186810
      730.000000000000000       125.526369924923273
      732.000000000000000       125.532465953268272
      734.000000000000000       125.538571214251206
      736.000000000000000       125.544685648608208
      738.000000000000000       125.550811437059338
      740.000000000000000       125.556947721217270
      742.000000000000000       125.563093530642007
      744.000000000000000       125.569247123016254
      746.000000000000000       125.575412371036407
      748.000000000000000       125.581587761594150
      750.000000000000000       125.587772282982684
      752.000000000000000       125.593967845503713
      754.000000000000000       125.600172399429312
      756.000000000000000       125.606386830358915
      758.000000000000000       125.612610556400938
      760.000000000000000       125.618843877886903
      762.000000000000000       125.625089876749911
      764.000000000000000       125.631342913652546
      766.000000000000000       125.637606638588522
      768.000000000000000       125.643880971613669
      770.000000000000000       125.650161953244165
      772.000000000000000       125.656457841907738
      774.000000000000000       125.662761909789097
      776.000000000000000       125.669076407720354
      778.000000000000000       125.675396825322053
      780.000000000000000       125.681732925354410
      782.000000000000000       125.688075271599217
      784.000000000000000       125.694430476331860
      786.000000000000000       125.700792283021030
      788.000000000000000       125.707165879052241
      790.000000000000000       125.713546919986172
      792.000000000000000       125.719940216240758
      794.000000000000000       125.726344618520713
      796.000000000000000       125.732756446738151
      798.000000000000000       125.739179196708946
