   0.000000000000000        77.935373409486644
   2.000000000000000        77.935801798036024
   4.000000000000000        77.936268546065278
   6.000000000000000        77.936777619613892
   8.000000000000000        77.937217664172664
  10.000000000000000        77.937488245367447
  12.000000000000000        77.937373772780333
  14.000000000000000        77.936641429469546
  16.000000000000000        77.935093249460493
  18.000000000000000        77.932632693173531
  20.000000000000000        77.929163129731535
  22.000000000000000        77.924676371193044
  24.000000000000000        77.919185706573401
  26.000000000000000        77.912725850824145
  28.000000000000000        77.905337645834592
  30.000000000000000        77.897075817756487
  32.000000000000000        77.887987308781845
  34.000000000000000        77.878119187723669
  36.000000000000000        77.867489365093078
  38.000000000000000        77.856132134520891
  40.000000000000000        77.844045953453687
  42.000000000000000        77.831254395574973
  44.000000000000000        77.817746998139413
  46.000000000000000        77.803536728987510
  48.000000000000000        77.788610515358172
  50.000000000000000        77.772966879189241
  52.000000000000000        77.756612309025073
  54.000000000000000        77.739552251998532
  56.000000000000000        77.721758249503566
  58.000000000000000        77.703279771404382
  60.000000000000000        77.684088990697532
  62.000000000000000        77.664223706956349
  64.000000000000000        77.643655093287009
  66.000000000000000        77.622444433897442
  68.000000000000000        77.600543103398692
  70.000000000000000        77.578023496256975
  72.000000000000000        77.554887331608498
  74.000000000000000        77.531162941970024
  76.000000000000000        77.506832150819008
  78.000000000000000        77.481958292757341
  80.000000000000000        77.456533585839438
  82.000000000000000        77.430597151180635
  84.000000000000000        77.404158953008306
  86.000000000000000        77.377231288674949
  88.000000000000000        77.349865134645128
  90.000000000000000        77.322060923293606
  92.000000000000000        77.293810557522320
  94.000000000000000        77.265203795833926
  96.000000000000000        77.236188499387893
  98.000000000000000        77.206801216250639
 100.000000000000000        77.177084725014012
 102.000000000000000        77.147019915453825
 104.000000000000000        77.116671373892970
 106.000000000000000        77.086016463722572
 108.000000000000000        77.055078345992541
 110.000000000000000        77.023849390017858
 112.000000000000000        76.992363383803095
 114.000000000000000        76.960680764208604
 116.000000000000000        76.928755719083753
 118.000000000000000        76.896593412705826
 120.000000000000000        76.864209577852236
 122.000000000000000        76.831652132207594
 124.000000000000000        76.798909703113978
 126.000000000000000        76.765983296050578
 128.000000000000000        76.732899954988497
 130.000000000000000        76.699659594171678
 132.000000000000000        76.666243442675054
 134.000000000000000        76.632717435798156
 136.000000000000000        76.599043648487026
 138.000000000000000        76.565226091088334
 140.000000000000000        76.531318683466125
 142.000000000000000        76.497270843875256
 144.000000000000000        76.463135782726354
 146.000000000000000        76.428872181944570
 148.000000000000000        76.394543803916918
 150.000000000000000        76.360103732017279
 152.000000000000000        76.325592432693412
 154.000000000000000        76.290953250692993
 156.000000000000000        76.256284725431442
 158.000000000000000        76.221516900697608
 160.000000000000000        76.186668097457968
 162.000000000000000        76.151763274382219
 164.000000000000000        76.116821251728396
 166.000000000000000        76.081813509217085
 168.000000000000000        76.046726769344502
 170.000000000000000        76.011578248425423
 172.000000000000000        75.976408109841245
 174.000000000000000        75.941192866387283
 176.000000000000000        75.905877017365313
 178.000000000000000        75.870582980718765
 180.000000000000000        75.835221416849066
 182.000000000000000        75.799833808257887
 184.000000000000000        75.764427451551654
 186.000000000000000        75.728977761853727
 188.000000000000000        75.693456273387838
 190.000000000000000        75.657961271082385
 192.000000000000000        75.622377873613985
 194.000000000000000        75.586828602600832
 196.000000000000000        75.551225581705083
 198.000000000000000        75.515624730678397
 200.000000000000000        75.479972186470548
 202.000000000000000        75.444299103287108
 204.000000000000000        75.408621544018615
 206.000000000000000        75.372908363756736
 208.000000000000000        75.337217530903999
 210.000000000000000        75.301479658563693
 212.000000000000000        75.265733584313210
 214.000000000000000        75.229934334399928
 216.000000000000000        75.194220077139519
 218.000000000000000        75.158418747492107
 220.000000000000000        75.122630266700057
 222.000000000000000        75.086840357379273
 224.000000000000000        75.051018704895043
 226.000000000000000        75.015213437540609
 228.000000000000000        74.979371635683577
 230.000000000000000        74.943561561287694
 232.000000000000000        74.907734890430277
 234.000000000000000        74.871905478565438
 236.000000000000000        74.836033469322274
 238.000000000000000        74.800214239593402
 240.000000000000000        74.764367017102600
 242.000000000000000        74.728519522840145
 244.000000000000000        74.692630564536543
 246.000000000000000        74.656789135486889
 248.000000000000000        74.620919017494955
 250.000000000000000        74.585073433263815
 252.000000000000000        74.549219941875208
 254.000000000000000        74.513344475263992
 256.000000000000000        74.477493931311642
 258.000000000000000        74.441637377105678
 260.000000000000000        74.405771826446170
 262.000000000000000        74.369929045702833
 264.000000000000000        74.334057164183591
 266.000000000000000        74.298207160457537
 268.000000000000000        74.262359766202010
 270.000000000000000        74.226497459146586
 272.000000000000000        74.190658486178236
 274.000000000000000        74.154835490221984
 276.000000000000000        74.118988346122734
 278.000000000000000        74.083145139018342
 280.000000000000000        74.047277169013569
 282.000000000000000        74.011461941581643
 284.000000000000000        73.975672151484787
 286.000000000000000        73.939839002775926
 288.000000000000000        73.904036458939132
 290.000000000000000        73.868227607451985
 292.000000000000000        73.832400552927098
 294.000000000000000        73.796606774233595
 296.000000000000000        73.760796755128069
 298.000000000000000        73.725002603878124
 300.000000000000000        73.689207442059981
 302.000000000000000        73.653419984155448
 304.000000000000000        73.617666482521159
 306.000000000000000        73.581910064068182
 308.000000000000000        73.546098567655392
 310.000000000000000        73.510358229613686
 312.000000000000000        73.474598206193988
 314.000000000000000        73.438862994625964
 316.000000000000000        73.403042218200042
 318.000000000000000        73.367352689588301
 320.000000000000000        73.331639721166468
 322.000000000000000        73.295886035258334
 324.000000000000000        73.260183372859274
 326.000000000000000        73.224434353139088
 328.000000000000000        73.188721616937769
 330.000000000000000        73.152991600128701
 332.000000000000000        73.117314363030317
 334.000000000000000        73.081611144657998
 336.000000000000000        73.045940112027040
 338.000000000000000        73.010241114124526
 340.000000000000000        72.974563924351003
 342.000000000000000        72.938911422684029
 344.000000000000000        72.903226971686195
 346.000000000000000        72.867572058325123
 348.000000000000000        72.831896714192325
 350.000000000000000        72.796199780369705
 352.000000000000000        72.760601147567044
 354.000000000000000        72.724948617050330
 356.000000000000000        72.689340835645226
 358.000000000000000        72.653742987029730
 360.000000000000000        72.618065175283832
 362.000000000000000        72.582444750855856
 364.000000000000000        72.546857262684838
 366.000000000000000        72.511231179347362
 368.000000000000000        72.475621249530036
 370.000000000000000        72.440017740004691
 372.000000000000000        72.404432263141558
 374.000000000000000        72.368866823067549
 376.000000000000000        72.333203201370708
 378.000000000000000        72.297660641364217
 380.000000000000000        72.262049693897254
 382.000000000000000        72.226521027106074
 384.000000000000000        72.190979421416870
 386.000000000000000        72.155403110110456
 388.000000000000000        72.119846242671244
 390.000000000000000        72.084252739702237
 392.000000000000000        72.048726865174913
 394.000000000000000        72.013170694166931
 396.000000000000000        71.977636854103281
 398.000000000000000        71.942123597720709
 400.000000000000000        71.906529483276813
 402.000000000000000        71.871096527141148
 404.000000000000000        71.835527699441030
 406.000000000000000        71.800004452079335
 408.000000000000000        71.764497572513335
 410.000000000000000        71.729021837486499
 412.000000000000000        71.693463425866582
 414.000000000000000        71.658025848141577
 416.000000000000000        71.622405784205839
 418.000000000000000        71.586951940848849
 420.000000000000000        71.551447465566369
 422.000000000000000        71.516049777267241
 424.000000000000000        71.480498517459694
 426.000000000000000        71.445044972191766
 428.000000000000000        71.409611696179752
 430.000000000000000        71.374031951325691
 432.000000000000000        71.338670058669109
 434.000000000000000        71.303099770538253
 436.000000000000000        71.267641915366440
 438.000000000000000        71.232212893397985
 440.000000000000000        71.196754013218325
 442.000000000000000        71.161265329024047
 444.000000000000000        71.125758281538495
 446.000000000000000        71.090302324593111
 448.000000000000000        71.054874960312731
 450.000000000000000        71.019383561370717
 452.000000000000000        70.983969009506808
 454.000000000000000        70.948516156481404
 456.000000000000000        70.913105269343291
 458.000000000000000        70.877635847337430
 460.000000000000000        70.842188696990945
 462.000000000000000        70.806750203642437
 464.000000000000000        70.771262101659261
 466.000000000000000        70.735823233769239
 468.000000000000000        70.700348036886240
 470.000000000000000        70.664963863247451
 472.000000000000000        70.629519683183062
 474.000000000000000        70.594019528991666
 476.000000000000000        70.558646327057858
 478.000000000000000        70.523186973605974
 480.000000000000000        70.487728808149285
 482.000000000000000        70.452328464185570
 484.000000000000000        70.416870854488252
 486.000000000000000        70.381421521655383
 488.000000000000000        70.345985527802540
 490.000000000000000        70.310565646323028
 492.000000000000000        70.275096782363519
 494.000000000000000        70.239669318237858
 496.000000000000000        70.204224585183752
 498.000000000000000        70.168885890379400
 500.000000000000000        70.133401757243760
 502.000000000000000        70.098020868652185
 504.000000000000000        70.062523828831559
 506.000000000000000        70.027101124875912
 508.000000000000000        69.991657749143585
 510.000000000000000        69.956163174388521
 512.000000000000000        69.920779381414931
 514.000000000000000        69.885319269173692
 516.000000000000000        69.849909862929650
 518.000000000000000        69.814429674423479
 520.000000000000000        69.778992120633234
 522.000000000000000        69.743536570641979
 524.000000000000000        69.708031202960470
 526.000000000000000        69.672677074689460
 528.000000000000000        69.637210184185150
 530.000000000000000        69.601770894478719
 532.000000000000000        69.566307527129510
 534.000000000000000        69.530783647302286
 536.000000000000000        69.495368070969079
 538.000000000000000        69.459811952518194
 540.000000000000000        69.424501836853224
 542.000000000000000        69.388990600509302
 544.000000000000000        69.353497770223782
 546.000000000000000        69.318064946891752
 548.000000000000000        69.282676252532397
 550.000000000000000        69.247088253831635
 552.000000000000000        69.211594299931221
 554.000000000000000        69.176145242410939
 556.000000000000000        69.140650378714440
 558.000000000000000        69.105180495547486
 560.000000000000000        69.069690756705327
 562.000000000000000        69.034212498303177
 564.000000000000000        68.998667916785635
 566.000000000000000        68.963177637248762
 568.000000000000000        68.927642900266861
 570.000000000000000        68.892166198488852
 572.000000000000000        68.856718819828529
 574.000000000000000        68.821192247115079
 576.000000000000000        68.785669575242295
 578.000000000000000        68.750080118761204
 580.000000000000000        68.714588644113022
 582.000000000000000        68.679050469353584
 584.000000000000000        68.643569468187621
 586.000000000000000        68.608045318479085
 588.000000000000000        68.572438405616268
 590.000000000000000        68.536946635805563
 592.000000000000000        68.501366878408120
 594.000000000000000        68.465808088162390
 596.000000000000000        68.430271378083830
 598.000000000000000        68.394680622034741
 600.000000000000000        68.359128409353758
 602.000000000000000        68.323512091112221
 604.000000000000000        68.288001376683127
 606.000000000000000        68.252389167847824
 608.000000000000000        68.216768924547011
 610.000000000000000        68.181215078946778
 612.000000000000000        68.145631568692508
 614.000000000000000        68.110033134670886
 616.000000000000000        68.074442226582306
 618.000000000000000        68.038849158416127
 620.000000000000000        68.003189830679361
 622.000000000000000        67.967499758351323
 624.000000000000000        67.931872969320878
 626.000000000000000        67.896309771868985
 628.000000000000000        67.860606800193509
 630.000000000000000        67.824966676648060
 632.000000000000000        67.789365748854451
 634.000000000000000        67.753658860769264
 636.000000000000000        67.717966088791769
 638.000000000000000        67.682343088972331
 640.000000000000000        67.646676560465721
 642.000000000000000        67.610945465730325
 644.000000000000000        67.575227892603792
 646.000000000000000        67.539596135551434
 648.000000000000000        67.503829995372953
 650.000000000000000        67.468057154539821
 652.000000000000000        67.432290105214520
 654.000000000000000        67.396679655763606
 656.000000000000000        67.360918066120632
 658.000000000000000        67.325167290729155
 660.000000000000000        67.289412874939373
 662.000000000000000        67.253659753563383
 664.000000000000000        67.217890440161440
 666.000000000000000        67.182168428603745
 668.000000000000000        67.146422044302597
 670.000000000000000        67.110587854144967
 672.000000000000000        67.074719432332543
 674.000000000000000        67.038901905937465
 676.000000000000000        67.003221506088863
 678.000000000000000        66.967353945307707
 680.000000000000000        66.931499950841044
 682.000000000000000        66.895682039862493
 684.000000000000000        66.859864976621907
 686.000000000000000        66.823960077753924
 688.000000000000000        66.788139940651746
 690.000000000000000        66.752332254944363
 692.000000000000000        66.716414216245568
 694.000000000000000        66.680577176721826
 696.000000000000000        66.644593830999355
 698.000000000000000        66.608761008856078
 700.000000000000000        66.572841592671082
 702.000000000000000        66.536934571318483
 704.000000000000000        66.500973660626912
 706.000000000000000        66.465087720091176
 708.000000000000000        66.429126722570416
 710.000000000000000        66.393151436492076
 712.000000000000000        66.357220113954398
 714.000000000000000        66.321172264572724
 716.000000000000000        66.285308871673664
 718.000000000000000        66.249337100889178
 720.000000000000000        66.213336382705890
 722.000000000000000        66.177310336722257
 724.000000000000000        66.141250058365515
 726.000000000000000        66.105243281497962
 728.000000000000000        66.069191767117431
 730.000000000000000        66.033136607604533
 732.000000000000000        65.997112954487577
 734.000000000000000        65.961038145521428
 736.000000000000000        65.924986521872526
 738.000000000000000        65.888900256277395
 740.000000000000000        65.852817443525126
 742.000000000000000        65.816728816938266
 744.000000000000000        65.780623401569898
 746.000000000000000        65.744442670294404
 748.000000000000000        65.708319304055252
 750.000000000000000        65.672170813469137
 752.000000000000000        65.636115327662182
 754.000000000000000        65.599887968025200
 756.000000000000000        65.563701637549144
 758.000000000000000        65.527520548779194
 760.000000000000000        65.491384802841949
 762.000000000000000        65.455212812510993
 764.000000000000000        65.418822931613747
 766.000000000000000        65.382707335276351
 768.000000000000000        65.346515520259643
 770.000000000000000        65.310159840929700
 772.000000000000000        65.273970773654810
 774.000000000000000        65.237682010074735
 776.000000000000000        65.201445074035476
 778.000000000000000        65.165113792314585
 780.000000000000000        65.128810904624288
 782.000000000000000        65.092493485150925
 784.000000000000000        65.056081242964837
 786.000000000000000        65.019977839135564
 788.000000000000000        64.983509811370041
 790.000000000000000        64.947156927236563
 792.000000000000000        64.910836012987602
 794.000000000000000        64.874435339940561
 796.000000000000000        64.838014889305057
 798.000000000000000        64.801619407639166
