   0.000000000000000    0.000000000000000
   2.000000000000000    0.003272553651958
   4.000000000000000    0.008982111465758
   6.000000000000000    0.023317861076897
   8.000000000000000    0.073781818555292
  10.000000000000000    0.180436816282057
  12.000000000000000    0.386958948201882
  14.000000000000000    0.736621192931846
  16.000000000000000    1.274366539517152
  18.000000000000000    2.007813507550855
  20.000000000000000    2.966270457091826
  22.000000000000000    4.137994264264856
  24.000000000000000    5.519705416283596
  26.000000000000000    7.085728234486024
  28.000000000000000    8.828468698379854
  30.000000000000000   10.715882401143814
  32.000000000000000   12.734758678791696
  34.000000000000000   14.847103585250808
  36.000000000000000   17.057070412673955
  38.000000000000000   19.326430764916548
  40.000000000000000   21.658654091349035
  42.000000000000000   24.022075776294390
  44.000000000000000   26.425338105627315
  46.000000000000000   28.838164543911770
  48.000000000000000   31.264795310748930
  50.000000000000000   33.704666926529839
  52.000000000000000   36.135962231916544
  54.000000000000000   38.536153722798872
  56.000000000000000   40.972846919972483
  58.000000000000000   43.335907073170468
  60.000000000000000   45.724866341874183
  62.000000000000000   48.037932275903231
  64.000000000000000   50.375456575378124
  66.000000000000000   52.614903255136340
  68.000000000000000   54.898149312570261
  70.000000000000000   57.091634424470186
  72.000000000000000   59.271056089895723
  74.000000000000000   61.368243401100827
  76.000000000000000   63.498478865174157
  78.000000000000000   65.516402533598722
  80.000000000000000   67.547706520949447
  82.000000000000000   69.493337420331059
  84.000000000000000   71.411256450560998
  86.000000000000000   73.317449128821977
  88.000000000000000   75.137758007885850
  90.000000000000000   76.906221433900242
  92.000000000000000   78.731984841875516
  94.000000000000000   80.364792761876075
  96.000000000000000   82.065553389085110
  98.000000000000000   83.723009459250562
 100.000000000000000   85.279201412463550
 102.000000000000000   86.889790315735056
 104.000000000000000   88.373191959937273
 106.000000000000000   89.857135896362280
 108.000000000000000   91.295838313407657
 110.000000000000000   92.727433802835321
 112.000000000000000   94.170416140535266
 114.000000000000000   95.458251360267141
 116.000000000000000   96.770514280954060
 118.000000000000000   98.069931849827512
 120.000000000000000   99.384179539926876
 122.000000000000000  100.595362592277766
 124.000000000000000  101.793079175814782
 126.000000000000000  103.004000857617285
 128.000000000000000  104.155933917354048
 130.000000000000000  105.254659842788755
 132.000000000000000  106.461400215376003
 134.000000000000000  107.478951351067238
 136.000000000000000  108.561121999239376
 138.000000000000000  109.673111728329232
 140.000000000000000  110.633956136607623
 142.000000000000000  111.711723989551999
 144.000000000000000  112.640780880783126
 146.000000000000000  113.710301393108963
 148.000000000000000  114.601987246495469
 150.000000000000000  115.602166462852907
 152.000000000000000  116.440815780098831
 154.000000000000000  117.502007881221630
 156.000000000000000  118.296378082559514
 158.000000000000000  119.211154086275741
 160.000000000000000  120.121084522688392
 162.000000000000000  121.012428071384662
 164.000000000000000  121.812032686240542
 166.000000000000000  122.628715707702582
 168.000000000000000  123.486202914422847
 170.000000000000000  124.361522086557741
 172.000000000000000  125.143730607268708
 174.000000000000000  125.815011807106458
 176.000000000000000  126.836489102782565
 178.000000000000000  127.447767205105905
 180.000000000000000  128.295307836564689
 182.000000000000000  129.059440205283664
 184.000000000000000  129.764458359414903
 186.000000000000000  130.449182126288292
 188.000000000000000  131.381373840893843
 190.000000000000000  131.871009940049817
 192.000000000000000  132.841256350179805
 194.000000000000000  133.380708598645583
 196.000000000000000  134.186293898549820
 198.000000000000000  134.784844925371033
 200.000000000000000  135.525094444908916
 202.000000000000000  136.263565546745582
 204.000000000000000  136.852459239439526
 206.000000000000000  137.671417726715873
 208.000000000000000  138.178575777879843
 210.000000000000000  138.917052567777944
 212.000000000000000  139.464094273014865
 214.000000000000000  140.458088475942390
 216.000000000000000  140.674212395994374
 218.000000000000000  141.552261830883168
 220.000000000000000  142.166722107375136
 222.000000000000000  142.698041289144186
 224.000000000000000  143.456006144880917
 226.000000000000000  143.935563632205003
 228.000000000000000  144.723167363528859
 230.000000000000000  145.204281626204761
 232.000000000000000  145.848246694391918
 234.000000000000000  146.339266396574402
 236.000000000000000  147.184845320875212
 238.000000000000000  147.562706262332966
 240.000000000000000  148.229491476951694
 242.000000000000000  148.678604482927483
 244.000000000000000  149.520979736997930
 246.000000000000000  149.880709147015011
 248.000000000000000  150.587698338787021
 250.000000000000000  151.061583047328639
 252.000000000000000  151.594910289896063
 254.000000000000000  152.288995155623866
 256.000000000000000  152.731167231174879
 258.000000000000000  153.298154868606105
 260.000000000000000  153.924941029143213
 262.000000000000000  154.325744627139414
 264.000000000000000  154.991689584576847
 266.000000000000000  155.491371643663456
 268.000000000000000  155.968473567497654
 270.000000000000000  156.607401480460055
 272.000000000000000  157.119412720875005
 274.000000000000000  157.499174801916581
 276.000000000000000  158.129904336773762
 278.000000000000000  158.536848904804657
 280.000000000000000  159.297439280679498
 282.000000000000000  159.713367502986813
 284.000000000000000  160.012087618259272
 286.000000000000000  160.755787708095966
 288.000000000000000  161.111584101280755
 290.000000000000000  161.598259813353195
 292.000000000000000  162.242489840639024
 294.000000000000000  162.569417415673797
 296.000000000000000  163.157634425697267
 298.000000000000000  163.603288464265660
 300.000000000000000  164.114446051878446
 302.000000000000000  164.661780969880311
 304.000000000000000  165.016380583159304
 306.000000000000000  165.313318402203180
 308.000000000000000  166.228414120224159
 310.000000000000000  166.368759995700145
 312.000000000000000  166.988562914008384
 314.000000000000000  167.061914220313128
 316.000000000000000  168.294040526093141
 318.000000000000000  168.196622006371172
 320.000000000000000  168.575973442143777
 322.000000000000000  169.369099975760179
 324.000000000000000  169.449788531771702
 326.000000000000000  170.205050821609518
 328.000000000000000  170.452796674678524
 330.000000000000000  171.153649004353355
 332.000000000000000  171.290973070193473
 334.000000000000000  171.954780603980282
 336.000000000000000  172.136079812482137
 338.000000000000000  172.768768360528128
 340.000000000000000  173.201105957269050
 342.000000000000000  173.422307212410516
 344.000000000000000  174.059985681929021
 346.000000000000000  174.296342578332343
 348.000000000000000  174.690555799055431
 350.000000000000000  175.613884066218333
 352.000000000000000  175.401948861095235
 354.000000000000000  176.198790335763476
 356.000000000000000  176.471192737455567
 358.000000000000000  176.495831801995706
 360.000000000000000  177.486252093656901
 362.000000000000000  177.755303892505481
 364.000000000000000  177.893331056945499
 366.000000000000000  178.477962721612244
 368.000000000000000  178.845828565851036
 370.000000000000000  179.294518734088086
 372.000000000000000  179.679895086606194
 374.000000000000000  179.551444813677051
 376.000000000000000  180.890134813635825
 378.000000000000000  180.438196503878288
 380.000000000000000  181.503061623322537
 382.000000000000000  181.438178744898266
 384.000000000000000  181.704535922741485
 386.000000000000000  182.348221734177486
 388.000000000000000  182.440592166634445
 390.000000000000000  183.281742238823284
 392.000000000000000  183.212619508427508
 394.000000000000000  183.816129125561503
 396.000000000000000  184.162652710772960
 398.000000000000000  184.055044182450871
 400.000000000000000  185.549625172477960
 402.000000000000000  184.484014040526461
 404.000000000000000  185.713327117925445
 406.000000000000000  185.916997134855706
 408.000000000000000  186.332059913727790
 410.000000000000000  186.145017510815904
 412.000000000000000  187.467275361983098
 414.000000000000000  186.333742789269678
 416.000000000000000  188.375111386986731
 418.000000000000000  187.645289541630490
 420.000000000000000  188.759162376639551
 422.000000000000000  187.815164981452483
 424.000000000000000  189.376603978235210
 426.000000000000000  189.339463174205576
 428.000000000000000  188.821545421578605
 430.000000000000000  190.990578833018077
 432.000000000000000  189.121116276819606
 434.000000000000000  191.128889776246439
 436.000000000000000  190.998527050723737
 438.000000000000000  191.004039732260310
 440.000000000000000  191.312637169121530
 442.000000000000000  191.716199185672338
 444.000000000000000  192.389411633511173
 446.000000000000000  192.562189789379687
 448.000000000000000  192.376991245618797
 450.000000000000000  193.456627963128568
 452.000000000000000  193.138051212697576
 454.000000000000000  193.880429513803733
 456.000000000000000  193.601595724345827
 458.000000000000000  194.373619930204342
 460.000000000000000  194.606505525938132
 462.000000000000000  194.533979661727869
 464.000000000000000  195.423964061634280
 466.000000000000000  195.222060925991372
 468.000000000000000  196.222531653447334
 470.000000000000000  195.658758997633441
 472.000000000000000  195.978642857754579
 474.000000000000000  197.303497755380420
 476.000000000000000  196.357190162393948
 478.000000000000000  197.156263754312931
 480.000000000000000  197.750835649342804
 482.000000000000000  197.366881077755039
 484.000000000000000  198.030911318458919
 486.000000000000000  198.324294350280326
 488.000000000000000  198.622665494505441
 490.000000000000000  198.504340667230366
 492.000000000000000  199.319395589912972
 494.000000000000000  199.226924360534298
 496.000000000000000  200.252747486168175
 498.000000000000000  198.972139547350423
 500.000000000000000  200.775560858792176
 502.000000000000000  199.678853229019154
 504.000000000000000  201.108902560200335
 506.000000000000000  200.789152890010456
 508.000000000000000  200.843431199400897
 510.000000000000000  202.144445939367898
 512.000000000000000  201.188943394587966
 514.000000000000000  202.249243410452067
 516.000000000000000  201.752382026729890
 518.000000000000000  202.692694263743334
 520.000000000000000  202.584713724802555
 522.000000000000000  202.591786052117271
 524.000000000000000  204.176977377526470
 526.000000000000000  202.668446927297509
 528.000000000000000  203.860961275471766
 530.000000000000000  203.734696968966290
 532.000000000000000  203.748659717123758
 534.000000000000000  205.107143183888127
 536.000000000000000  203.672591348329945
 538.000000000000000  206.508690870548321
 540.000000000000000  203.738642564161808
 542.000000000000000  205.447077652263914
 544.000000000000000  205.952903367838445
 546.000000000000000  206.084923827749549
 548.000000000000000  204.639684434610189
 550.000000000000000  206.890442356813224
 552.000000000000000  206.779342031715174
 554.000000000000000  206.368126557496453
 556.000000000000000  207.078733061411498
 558.000000000000000  206.994361884403247
 560.000000000000000  207.433020682796041
 562.000000000000000  207.113023054633771
 564.000000000000000  208.156891731831195
 566.000000000000000  207.705501356807844
 568.000000000000000  208.627385694561639
 570.000000000000000  208.655941127751731
 572.000000000000000  208.081732661080366
 574.000000000000000  208.866641168016230
 576.000000000000000  208.600284627381996
 578.000000000000000  209.986431753163117
 580.000000000000000  209.153430072073036
 582.000000000000000  210.095935099956733
 584.000000000000000  209.596694917105197
 586.000000000000000  209.474047211863223
 588.000000000000000  211.178585982158324
 590.000000000000000  209.841968071586876
 592.000000000000000  210.853799808662387
 594.000000000000000  211.103026246904165
 596.000000000000000  210.678327140054591
 598.000000000000000  211.580089619368238
 600.000000000000000  211.027045373009230
 602.000000000000000  212.495755504722382
 604.000000000000000  211.110093704666639
 606.000000000000000  212.020784962908266
 608.000000000000000  212.765636400259353
 610.000000000000000  212.246566109635694
 612.000000000000000  212.527162702495872
 614.000000000000000  212.894558541070865
 616.000000000000000  213.011363420226274
 618.000000000000000  212.679405521734878
 620.000000000000000  213.156905568396553
 622.000000000000000  214.089447369089072
 624.000000000000000  214.272261568329213
 626.000000000000000  212.814230204851100
 628.000000000000000  214.625042281817372
 630.000000000000000  214.624662845510358
 632.000000000000000  213.616871612552217
 634.000000000000000  214.773578894435332
 636.000000000000000  215.424524499204580
 638.000000000000000  214.648102695966742
 640.000000000000000  214.647649869779002
 642.000000000000000  215.454612041120726
 644.000000000000000  216.278823623216198
 646.000000000000000  214.559252306783350
 648.000000000000000  215.819358461386685
 650.000000000000000  216.093921714739821
 652.000000000000000  217.544192185708397
 654.000000000000000  215.101096031971480
 656.000000000000000  216.621034794129997
 658.000000000000000  216.700770622062322
 660.000000000000000  216.878861885778093
 662.000000000000000  216.892895455550416
 664.000000000000000  217.636427683091682
 666.000000000000000  217.149917733550978
 668.000000000000000  216.758120188265224
 670.000000000000000  217.379426878041016
 672.000000000000000  218.296488595654182
 674.000000000000000  219.225480673019831
 676.000000000000000  216.502296436595543
 678.000000000000000  218.455853975533472
 680.000000000000000  218.791086914963984
 682.000000000000000  218.621686918821069
 684.000000000000000  218.009594354575682
 686.000000000000000  219.703801959285670
 688.000000000000000  219.204518488442318
 690.000000000000000  218.246186529019241
 692.000000000000000  220.135814311916846
 694.000000000000000  218.182011460255353
 696.000000000000000  221.107030170266597
 698.000000000000000  219.042098192458184
 700.000000000000000  220.086118213809470
 702.000000000000000  219.632047616802964
 704.000000000000000  221.010904251388638
 706.000000000000000  219.694196881169461
 708.000000000000000  220.452962621111681
 710.000000000000000  221.129293077909665
 712.000000000000000  219.746724353428760
 714.000000000000000  222.773338953862918
 716.000000000000000  220.097359677471104
 718.000000000000000  221.003174378750884
 720.000000000000000  221.192936135549274
 722.000000000000000  221.198966217058199
 724.000000000000000  222.247981242809686
 726.000000000000000  221.400103935834693
 728.000000000000000  221.926270044779926
 730.000000000000000  222.417067848253765
 732.000000000000000  221.758809345081573
 734.000000000000000  222.605294061113227
 736.000000000000000  222.166672418587041
 738.000000000000000  222.690645188761636
 740.000000000000000  222.709283060063370
 742.000000000000000  222.745307135252517
 744.000000000000000  222.286655966710100
 746.000000000000000  223.765944481428676
 748.000000000000000  223.044105828534526
 750.000000000000000  224.387137896315068
 752.000000000000000  221.783540719187016
 754.000000000000000  224.136686620538939
 756.000000000000000  223.857673956822907
 758.000000000000000  224.404544431548800
 760.000000000000000  223.706607550297292
 762.000000000000000  221.927482489236269
 764.000000000000000  227.177766698572952
 766.000000000000000  223.636138614095273
 768.000000000000000  222.845353285273234
 770.000000000000000  226.458664087136356
 772.000000000000000  223.759022238997318
 774.000000000000000  225.466643900269958
 776.000000000000000  224.052709224555713
 778.000000000000000  225.470050854773689
 780.000000000000000  225.156102208080313
 782.000000000000000  224.392324890840172
 784.000000000000000  228.850075777771139
 786.000000000000000  221.683106995620761
 788.000000000000000  227.043483785251624
 790.000000000000000  226.221952682728272
 792.000000000000000  225.132349424024113
 794.000000000000000  225.892529684041108
 796.000000000000000  226.490103579163019
 798.000000000000000  226.280287811631979
