   0.000000000000000    0.000000000000000
   2.000000000000000    0.000000015122422
   4.000000000000000    0.007056315259090
   6.000000000000000    0.023406080435185
   8.000000000000000    0.066138951939059
  10.000000000000000    0.165149490863390
  12.000000000000000    0.363417865778275
  14.000000000000000    0.706323010835118
  16.000000000000000    1.231791020401399
  18.000000000000000    1.964996693991615
  20.000000000000000    2.917303274561764
  22.000000000000000    4.087833204470766
  24.000000000000000    5.466232690547844
  26.000000000000000    7.035684604616574
  28.000000000000000    8.775641584807110
  30.000000000000000   10.664031578758188
  32.000000000000000   12.678867593777996
  34.000000000000000   14.799305510324388
  36.000000000000000   17.006243459734282
  38.000000000000000   19.282580483857551
  40.000000000000000   21.613240118896492
  42.000000000000000   23.985053329643506
  44.000000000000000   26.386567335760557
  46.000000000000000   28.807826916511395
  48.000000000000000   31.240162450959229
  50.000000000000000   33.675995903511783
  52.000000000000000   36.108676945243886
  54.000000000000000   38.532347780108459
  56.000000000000000   40.941832238838074
  58.000000000000000   43.332553063041807
  60.000000000000000   45.700464932654107
  62.000000000000000   48.042001390179465
  64.000000000000000   50.354033305266817
  66.000000000000000   52.633838220612198
  68.000000000000000   54.879068186702916
  70.000000000000000   57.087725777828346
  72.000000000000000   59.258144535388809
  74.000000000000000   61.388963945062294
  76.000000000000000   63.479107811912549
  78.000000000000000   65.527765711967106
  80.000000000000000   67.534372950893811
  82.000000000000000   69.498588263507699
  84.000000000000000   71.420275615956811
  86.000000000000000   73.299483564467522
  88.000000000000000   75.136428058384197
  90.000000000000000   76.931472982811243
  92.000000000000000   78.685111240040982
  94.000000000000000   80.397951948260783
  96.000000000000000   82.070701167721595
  98.000000000000000   83.704148594591231
 100.000000000000000   85.299154491735294
 102.000000000000000   86.856635938216854
 104.000000000000000   88.377556526718166
 106.000000000000000   89.862914035973546
 108.000000000000000   91.313732545074444
 110.000000000000000   92.731053557112332
 112.000000000000000   94.115929972948720
 114.000000000000000   95.469414289418964
 116.000000000000000   96.792555782824238
 118.000000000000000   98.086398688660850
 120.000000000000000   99.351973916206958
 122.000000000000000  100.590295817482897
 124.000000000000000  101.802356076769271
 126.000000000000000  102.989128050618717
 128.000000000000000  104.151559592448976
 130.000000000000000  105.290569705494292
 132.000000000000000  106.407054966055696
 134.000000000000000  107.501880739243589
 136.000000000000000  108.575878441909737
 138.000000000000000  109.629861318783597
 140.000000000000000  110.664602975048524
 142.000000000000000  111.680848978702301
 144.000000000000000  112.679319178179767
 146.000000000000000  113.660703135593153
 148.000000000000000  114.625660336345334
 150.000000000000000  115.574818640866837
 152.000000000000000  116.508782511914077
 154.000000000000000  117.428136871781518
 156.000000000000000  118.333430118218601
 158.000000000000000  119.225183388067606
 160.000000000000000  120.103907445420646
 162.000000000000000  120.970079033987574
 164.000000000000000  121.824155371737206
 166.000000000000000  122.666564295428330
 168.000000000000000  123.497725152230615
 170.000000000000000  124.318041499350230
 172.000000000000000  125.127882686396987
 174.000000000000000  125.927595641852463
 176.000000000000000  126.717539486315971
 178.000000000000000  127.498033688913807
 180.000000000000000  128.269377068940400
 182.000000000000000  129.031874767635742
 184.000000000000000  129.785799350877028
 186.000000000000000  130.531412906688757
 188.000000000000000  131.268981870803685
 190.000000000000000  131.998736448382118
 192.000000000000000  132.720911607249434
 194.000000000000000  133.435728940844029
 196.000000000000000  134.143388157118807
 198.000000000000000  134.844089876389546
 200.000000000000000  135.538021176016855
 202.000000000000000  136.225376212654965
 204.000000000000000  136.906308365324151
 206.000000000000000  137.580997973926088
 208.000000000000000  138.249590123316125
 210.000000000000000  138.912227917368654
 212.000000000000000  139.569067590931780
 214.000000000000000  140.220256677745226
 216.000000000000000  140.865898348861265
 218.000000000000000  141.506113980029198
 220.000000000000000  142.141050050249476
 222.000000000000000  142.770801197534496
 224.000000000000000  143.395483595488770
 226.000000000000000  144.015192421246724
 228.000000000000000  144.630038795250016
 230.000000000000000  145.240116510790500
 232.000000000000000  145.845499454900988
 234.000000000000000  146.446281707613110
 236.000000000000000  147.042569620046663
 238.000000000000000  147.634428093593272
 240.000000000000000  148.221921775386022
 242.000000000000000  148.805131988093478
 244.000000000000000  149.384142912560776
 246.000000000000000  149.959018424000902
 248.000000000000000  150.529815261412750
 250.000000000000000  151.096604820119012
 252.000000000000000  151.659430978662556
 254.000000000000000  152.218374812007056
 256.000000000000000  152.773487786312558
 258.000000000000000  153.324808550487489
 260.000000000000000  153.872403369780585
 262.000000000000000  154.416314844943685
 264.000000000000000  154.956601812327250
 266.000000000000000  155.493308924874555
 268.000000000000000  156.026468441628282
 270.000000000000000  156.556137106967469
 272.000000000000000  157.082357097279669
 274.000000000000000  157.605155157711067
 276.000000000000000  158.124579864743680
 278.000000000000000  158.640664329679026
 280.000000000000000  159.153462352916222
 282.000000000000000  159.663015166903534
 284.000000000000000  160.169309462289050
 286.000000000000000  160.672413133792816
 288.000000000000000  161.172362212221657
 290.000000000000000  161.669163543440106
 292.000000000000000  162.162877285806786
 294.000000000000000  162.653521668750642
 296.000000000000000  163.141117445187604
 298.000000000000000  163.625701575826326
 300.000000000000000  164.107295752531485
 302.000000000000000  164.585939769505529
 304.000000000000000  165.061640141241071
 306.000000000000000  165.534404848455154
 308.000000000000000  166.004307423585942
 310.000000000000000  166.471360843478351
 312.000000000000000  166.935548829417797
 314.000000000000000  167.396902941224198
 316.000000000000000  167.855498798182481
 318.000000000000000  168.311336720391893
 320.000000000000000  168.764366424040503
 322.000000000000000  169.214682587017677
 324.000000000000000  169.662293279717915
 326.000000000000000  170.107207205687672
 328.000000000000000  170.549452249714932
 330.000000000000000  170.989041810041982
 332.000000000000000  171.426003155255813
 334.000000000000000  171.860327695404578
 336.000000000000000  172.292048164706074
 338.000000000000000  172.721190119591171
 340.000000000000000  173.147785043835569
 342.000000000000000  173.571808836467341
 344.000000000000000  173.993296833701066
 346.000000000000000  174.412280663130474
 348.000000000000000  174.828740416818704
 350.000000000000000  175.242750431418017
 352.000000000000000  175.654283564673392
 354.000000000000000  176.063348221730053
 356.000000000000000  176.469991626273298
 358.000000000000000  176.874173692386194
 360.000000000000000  177.275950201319631
 362.000000000000000  177.675365146333291
 364.000000000000000  178.072378431042324
 366.000000000000000  178.467026724574879
 368.000000000000000  178.859336999560014
 370.000000000000000  179.249283098129013
 372.000000000000000  179.636914304973260
 374.000000000000000  180.022223246104687
 376.000000000000000  180.405249260596833
 378.000000000000000  180.785985178784131
 380.000000000000000  181.164442849530587
 382.000000000000000  181.540660811959782
 384.000000000000000  181.914615272177798
 386.000000000000000  182.286337577642257
 388.000000000000000  182.655825101907254
 390.000000000000000  183.023119826264718
 392.000000000000000  183.388216360360474
 394.000000000000000  183.751138248887429
 396.000000000000000  184.111891536906739
 398.000000000000000  184.470460808345365
 400.000000000000000  184.826909988988319
 402.000000000000000  185.181216214578541
 404.000000000000000  185.533375731676131
 406.000000000000000  185.883450392435066
 408.000000000000000  186.231443487782741
 410.000000000000000  186.577328508742283
 412.000000000000000  186.921134512129214
 414.000000000000000  187.262863532961376
 416.000000000000000  187.602558103957421
 418.000000000000000  187.940236953677214
 420.000000000000000  188.275868331103510
 422.000000000000000  188.609472358315799
 424.000000000000000  188.941084168221437
 426.000000000000000  189.270696860649934
 428.000000000000000  189.598309975394073
 430.000000000000000  189.923992285557489
 432.000000000000000  190.247679018376175
 434.000000000000000  190.569413947251519
 436.000000000000000  190.889251039923948
 438.000000000000000  191.207141086218940
 440.000000000000000  191.523090480492527
 442.000000000000000  191.837152840033383
 444.000000000000000  192.149340974952565
 446.000000000000000  192.459639922753922
 448.000000000000000  192.768056035415157
 450.000000000000000  193.074612359906070
 452.000000000000000  193.379332019585092
 454.000000000000000  193.682201317265395
 456.000000000000000  193.983234846161054
 458.000000000000000  194.282453113891478
 460.000000000000000  194.579900507639366
 462.000000000000000  194.875515828888183
 464.000000000000000  195.169346127845529
 466.000000000000000  195.461429813557316
 468.000000000000000  195.751722633355030
 470.000000000000000  196.040265349010525
 472.000000000000000  196.327087043423177
 474.000000000000000  196.612144232105578
 476.000000000000000  196.895494044863199
 478.000000000000000  197.177153262708487
 480.000000000000000  197.457081392746943
 482.000000000000000  197.735333368341173
 484.000000000000000  198.011899539365544
 486.000000000000000  198.286796184012900
 488.000000000000000  198.560039770249858
 490.000000000000000  198.831633204370235
 492.000000000000000  199.101566344242144
 494.000000000000000  199.369898442048310
 496.000000000000000  199.636579929312347
 498.000000000000000  199.901661731505243
 500.000000000000000  200.165185497393054
 502.000000000000000  200.427084901478537
 504.000000000000000  200.687405410517727
 506.000000000000000  200.946144674798148
 508.000000000000000  201.203332282723949
 510.000000000000000  201.458977812532311
 512.000000000000000  201.713084583954725
 514.000000000000000  201.965643869536478
 516.000000000000000  202.216709121082005
 518.000000000000000  202.466260945984402
 520.000000000000000  202.714296386479020
 522.000000000000000  202.960847734207249
 524.000000000000000  203.205877778414646
 526.000000000000000  203.449469030828794
 528.000000000000000  203.691626844424263
 530.000000000000000  203.932292039724786
 532.000000000000000  204.171520596237713
 534.000000000000000  204.409311831570818
 536.000000000000000  204.645716825676374
 538.000000000000000  204.880628859116428
 540.000000000000000  205.114154207476304
 542.000000000000000  205.346362291967608
 544.000000000000000  205.577071376835420
 546.000000000000000  205.806404734448648
 548.000000000000000  206.034472699111973
 550.000000000000000  206.261161397064569
 552.000000000000000  206.486411541261674
 554.000000000000000  206.710355789703016
 556.000000000000000  206.932969244528266
 558.000000000000000  207.154235719714535
 560.000000000000000  207.374194268910287
 562.000000000000000  207.592899307666016
 564.000000000000000  207.810259980901861
 566.000000000000000  208.026305369460403
 568.000000000000000  208.241092303646980
 570.000000000000000  208.454574300437940
 572.000000000000000  208.666848640417669
 574.000000000000000  208.877837936627259
 576.000000000000000  209.087595480035844
 578.000000000000000  209.296104109532337
 580.000000000000000  209.503358319552774
 582.000000000000000  209.709351660251684
 584.000000000000000  209.914156131585315
 586.000000000000000  210.117862175953377
 588.000000000000000  210.320257544901523
 590.000000000000000  210.521492557758449
 592.000000000000000  210.721542159854749
 594.000000000000000  210.920407048572315
 596.000000000000000  211.118170320262863
 598.000000000000000  211.314661088196118
 600.000000000000000  211.510060717622423
 602.000000000000000  211.704299208150786
 604.000000000000000  211.897435365027803
 606.000000000000000  212.089510982883240
 608.000000000000000  212.280273061625394
 610.000000000000000  212.470001409065844
 612.000000000000000  212.658712565865102
 614.000000000000000  212.846271547307992
 616.000000000000000  213.032725870590838
 618.000000000000000  213.218134089813930
 620.000000000000000  213.402538764404937
 622.000000000000000  213.585784523917511
 624.000000000000000  213.767846888157152
 626.000000000000000  213.949049414010034
 628.000000000000000  214.129170940717898
 630.000000000000000  214.308096404924214
 632.000000000000000  214.486209016598053
 634.000000000000000  214.663267815708167
 636.000000000000000  214.839167608085887
 638.000000000000000  215.014142638371084
 640.000000000000000  215.188208332997704
 642.000000000000000  215.361174253868597
 644.000000000000000  215.533065970394148
 646.000000000000000  215.704155255645219
 648.000000000000000  215.874306376519201
 650.000000000000000  216.043361995075543
 652.000000000000000  216.211273144070248
 654.000000000000000  216.378441700545494
 656.000000000000000  216.544766886514594
 658.000000000000000  216.710013466046291
 660.000000000000000  216.874365765641443
 662.000000000000000  217.037711331407337
 664.000000000000000  217.200165747065881
 666.000000000000000  217.361736723016179
 668.000000000000000  217.522495483207763
 670.000000000000000  217.682378888208888
 672.000000000000000  217.841196625985873
 674.000000000000000  217.998927309509440
 676.000000000000000  218.156082119360889
 678.000000000000000  218.312524486004378
 680.000000000000000  218.467809721111820
 682.000000000000000  218.622173242046330
 684.000000000000000  218.775867583605617
 686.000000000000000  218.928658521762230
 688.000000000000000  219.080444756635927
 690.000000000000000  219.231641556145405
 692.000000000000000  219.381924806730012
 694.000000000000000  219.531416529140756
 696.000000000000000  219.679985379201469
 698.000000000000000  219.827704101279323
 700.000000000000000  219.974753802868605
 702.000000000000000  220.120909423237379
 704.000000000000000  220.266256805098863
 706.000000000000000  220.410816223289061
 708.000000000000000  220.554709415662700
 710.000000000000000  220.697654009946291
 712.000000000000000  220.839978758074267
 714.000000000000000  220.981314759562025
 716.000000000000000  221.121848919951958
 718.000000000000000  221.261974475095428
 720.000000000000000  221.401240614544776
 722.000000000000000  221.539721946870401
 724.000000000000000  221.677349428874209
 726.000000000000000  221.814296633288563
 728.000000000000000  221.950536164933538
 730.000000000000000  222.085886023182411
 732.000000000000000  222.220681088425664
 734.000000000000000  222.354800407557491
 736.000000000000000  222.488076142632650
 738.000000000000000  222.620718627175052
 740.000000000000000  222.752620098768517
 742.000000000000000  222.883817972387220
 744.000000000000000  223.014486712419455
 746.000000000000000  223.144366176024988
 748.000000000000000  223.273442379099976
 750.000000000000000  223.401741785120691
 752.000000000000000  223.529634112025207
 754.000000000000000  223.657008612562180
 756.000000000000000  223.783356330729504
 758.000000000000000  223.908983954452140
 760.000000000000000  224.034103957534370
 762.000000000000000  224.159154672284046
 764.000000000000000  224.282844735819793
 766.000000000000000  224.405547201040832
 768.000000000000000  224.528602383558251
 770.000000000000000  224.650544372921075
 772.000000000000000  224.771713914170647
 774.000000000000000  224.892448120405305
 776.000000000000000  225.012572340458348
 778.000000000000000  225.132130692059434
 780.000000000000000  225.250936657014591
 782.000000000000000  225.369480084778928
 784.000000000000000  225.486512525358251
 786.000000000000000  225.603585431825906
 788.000000000000000  225.720665387052691
 790.000000000000000  225.836151696433660
 792.000000000000000  225.951520242193510
 794.000000000000000  226.066446015552941
 796.000000000000000  226.180473309842313
 798.000000000000000  226.293933532833478
