   0.000000000000000    0.000000000000000
   2.000000000000000    0.000002300055898
   4.000000000000000    0.000002468138556
   6.000000000000000    0.000002519238107
   8.000000000000000    0.000001602668579
  10.000000000000000   -0.000001942331786
  12.000000000000000   -0.000009767048554
  14.000000000000000   -0.000022907403615
  16.000000000000000   -0.000041606293818
  18.000000000000000   -0.000065414276520
  20.000000000000000   -0.000093412638483
  22.000000000000000   -0.000124446658043
  24.000000000000000   -0.000157310758221
  26.000000000000000   -0.000190869729638
  28.000000000000000   -0.000224124066212
  30.000000000000000   -0.000256234944366
  32.000000000000000   -0.000286524906435
  34.000000000000000   -0.000314465948080
  36.000000000000000   -0.000339662718615
  38.000000000000000   -0.000361834390336
  40.000000000000000   -0.000380798029367
  42.000000000000000   -0.000396453319325
  44.000000000000000   -0.000408769141397
  46.000000000000000   -0.000417771840053
  48.000000000000000   -0.000423534720574
  50.000000000000000   -0.000426168728567
  52.000000000000000   -0.000425814212633
  54.000000000000000   -0.000422633850561
  56.000000000000000   -0.000416806068031
  58.000000000000000   -0.000408519604625
  60.000000000000000   -0.000397968882321
  62.000000000000000   -0.000385349931368
  64.000000000000000   -0.000370857197801
  66.000000000000000   -0.000354680969050
  68.000000000000000   -0.000337005106969
  70.000000000000000   -0.000318005661516
  72.000000000000000   -0.000297849702163
  74.000000000000000   -0.000276694430062
  76.000000000000000   -0.000254686892707
  78.000000000000000   -0.000231963636714
  80.000000000000000   -0.000208650764068
  82.000000000000000   -0.000184864077340
  84.000000000000000   -0.000160709484123
  86.000000000000000   -0.000136283196799
  88.000000000000000   -0.000111672298671
  90.000000000000000   -0.000086955240477
  92.000000000000000   -0.000062202435288
  94.000000000000000   -0.000037476543466
  96.000000000000000   -0.000012833457486
  98.000000000000000    0.000011677621150
 100.000000000000000    0.000036013436879
 102.000000000000000    0.000060136086106
 104.000000000000000    0.000084012841262
 106.000000000000000    0.000107615344480
 108.000000000000000    0.000130919484491
 110.000000000000000    0.000153904765169
 112.000000000000000    0.000176554160867
 114.000000000000000    0.000198853665799
 116.000000000000000    0.000220791884036
 118.000000000000000    0.000242359889466
 120.000000000000000    0.000263550938811
 122.000000000000000    0.000284360205019
 124.000000000000000    0.000304784562535
 126.000000000000000    0.000324822328123
 128.000000000000000    0.000344473279304
 130.000000000000000    0.000363738180773
 132.000000000000000    0.000382618897361
 134.000000000000000    0.000401118250354
 136.000000000000000    0.000419239685366
 138.000000000000000    0.000436987362520
 140.000000000000000    0.000454366055812
 142.000000000000000    0.000471380911661
 144.000000000000000    0.000488037538956
 146.000000000000000    0.000504341898344
 148.000000000000000    0.000520300155328
 150.000000000000000    0.000535918764400
 152.000000000000000    0.000551204272086
 154.000000000000000    0.000566163370991
 156.000000000000000    0.000580802920472
 158.000000000000000    0.000595129728585
 160.000000000000000    0.000609150714003
 162.000000000000000    0.000622872730342
 164.000000000000000    0.000636302701848
 166.000000000000000    0.000649447422091
 168.000000000000000    0.000662313629738
 170.000000000000000    0.000674908093023
 172.000000000000000    0.000687237430751
 174.000000000000000    0.000699308176892
 176.000000000000000    0.000711126723941
 178.000000000000000    0.000722699493953
 180.000000000000000    0.000734032626234
 182.000000000000000    0.000745132255847
 184.000000000000000    0.000756004365513
 186.000000000000000    0.000766654804621
 188.000000000000000    0.000777089262717
 190.000000000000000    0.000787313415289
 192.000000000000000    0.000797332659888
 194.000000000000000    0.000807152414929
 196.000000000000000    0.000816777830583
 198.000000000000000    0.000826214054901
 200.000000000000000    0.000835465976890
 202.000000000000000    0.000844538459590
 204.000000000000000    0.000853436251194
 206.000000000000000    0.000862163865485
 208.000000000000000    0.000870725860047
 210.000000000000000    0.000879126440059
 212.000000000000000    0.000887369933336
 214.000000000000000    0.000895460432451
 216.000000000000000    0.000903401987746
 218.000000000000000    0.000911198336663
 220.000000000000000    0.000918853381056
 222.000000000000000    0.000926370761640
 224.000000000000000    0.000933754035280
 226.000000000000000    0.000941006687468
 228.000000000000000    0.000948132086820
 230.000000000000000    0.000955133512197
 232.000000000000000    0.000962014134388
 234.000000000000000    0.000968777025537
 236.000000000000000    0.000975425177265
 238.000000000000000    0.000981961559974
 240.000000000000000    0.000988388983226
 242.000000000000000    0.000994710159401
 244.000000000000000    0.001000927760013
 246.000000000000000    0.001007044411372
 248.000000000000000    0.001013062626881
 250.000000000000000    0.001018984824561
 252.000000000000000    0.001024813409759
 254.000000000000000    0.001030550630171
 256.000000000000000    0.001036198769174
 258.000000000000000    0.001041760023913
 260.000000000000000    0.001047236434113
 262.000000000000000    0.001052630087186
 264.000000000000000    0.001057942948116
 266.000000000000000    0.001063176982918
 268.000000000000000    0.001068334058545
 270.000000000000000    0.001073415984584
 272.000000000000000    0.001078424544827
 274.000000000000000    0.001083361458742
 276.000000000000000    0.001088228344998
 278.000000000000000    0.001093026897665
 280.000000000000000    0.001097758597590
 282.000000000000000    0.001102425120596
 284.000000000000000    0.001107027855376
 286.000000000000000    0.001111568230247
 288.000000000000000    0.001116047698996
 290.000000000000000    0.001120467589833
 292.000000000000000    0.001124829224799
 294.000000000000000    0.001129133941218
 296.000000000000000    0.001133382936523
 298.000000000000000    0.001137577452704
 300.000000000000000    0.001141718667028
 302.000000000000000    0.001145807751025
 304.000000000000000    0.001149845813857
 306.000000000000000    0.001153833937805
 308.000000000000000    0.001157773105923
 310.000000000000000    0.001161664467995
 312.000000000000000    0.001165508970363
 314.000000000000000    0.001169307577799
 316.000000000000000    0.001173061184363
 318.000000000000000    0.001176770857860
 320.000000000000000    0.001180437391578
 322.000000000000000    0.001184061622389
 324.000000000000000    0.001187644465387
 326.000000000000000    0.001191186717913
 328.000000000000000    0.001194689227733
 330.000000000000000    0.001198152705401
 332.000000000000000    0.001201577980701
 334.000000000000000    0.001204965760149
 336.000000000000000    0.001208316769502
 338.000000000000000    0.001211631707556
 340.000000000000000    0.001214911252457
 342.000000000000000    0.001218156108202
 344.000000000000000    0.001221366854342
 346.000000000000000    0.001224544196883
 348.000000000000000    0.001227688731017
 350.000000000000000    0.001230801013706
 352.000000000000000    0.001233881758993
 354.000000000000000    0.001236931387731
 356.000000000000000    0.001239950565103
 358.000000000000000    0.001242939761370
 360.000000000000000    0.001245899542803
 362.000000000000000    0.001248830390986
 364.000000000000000    0.001251732878785
 366.000000000000000    0.001254607433715
 368.000000000000000    0.001257454582746
 370.000000000000000    0.001260274785521
 372.000000000000000    0.001263068459279
 374.000000000000000    0.001265836094881
 376.000000000000000    0.001268578096395
 378.000000000000000    0.001271294927461
 380.000000000000000    0.001273986968527
 382.000000000000000    0.001276654666067
 384.000000000000000    0.001279298383137
 386.000000000000000    0.001281918532836
 388.000000000000000    0.001284515459046
 390.000000000000000    0.001287089543835
 392.000000000000000    0.001289641146564
 394.000000000000000    0.001292170635145
 396.000000000000000    0.001294678370846
 398.000000000000000    0.001297164678497
 400.000000000000000    0.001299629844814
 402.000000000000000    0.001302074266073
 404.000000000000000    0.001304498222101
 406.000000000000000    0.001306901993279
 408.000000000000000    0.001309285937200
 410.000000000000000    0.001311650328717
 412.000000000000000    0.001313995424682
 414.000000000000000    0.001316321556409
 416.000000000000000    0.001318628946492
 418.000000000000000    0.001320917956847
 420.000000000000000    0.001323188796628
 422.000000000000000    0.001325441723502
 424.000000000000000    0.001327676984887
 426.000000000000000    0.001329894880780
 428.000000000000000    0.001332095596249
 430.000000000000000    0.001334279364355
 432.000000000000000    0.001336446516431
 434.000000000000000    0.001338597165429
 436.000000000000000    0.001340731666573
 438.000000000000000    0.001342850106959
 440.000000000000000    0.001344952792448
 442.000000000000000    0.001347039902930
 444.000000000000000    0.001349111652605
 446.000000000000000    0.001351168255640
 448.000000000000000    0.001353209916047
 450.000000000000000    0.001355236820576
 452.000000000000000    0.001357249157759
 454.000000000000000    0.001359247116364
 456.000000000000000    0.001361230904208
 458.000000000000000    0.001363200675041
 460.000000000000000    0.001365156641588
 462.000000000000000    0.001367098988886
 464.000000000000000    0.001369027819249
 466.000000000000000    0.001370943392783
 468.000000000000000    0.001372845834214
 470.000000000000000    0.001374735292795
 472.000000000000000    0.001376611938070
 474.000000000000000    0.001378475966093
 476.000000000000000    0.001380327489645
 478.000000000000000    0.001382166669821
 480.000000000000000    0.001383993677751
 482.000000000000000    0.001385808650083
 484.000000000000000    0.001387611738800
 486.000000000000000    0.001389403076512
 488.000000000000000    0.001391182786706
 490.000000000000000    0.001392951063664
 492.000000000000000    0.001394707996119
 494.000000000000000    0.001396453690394
 496.000000000000000    0.001398188389898
 498.000000000000000    0.001399912088321
 500.000000000000000    0.001401625006450
 502.000000000000000    0.001403327256986
 504.000000000000000    0.001405018937076
 506.000000000000000    0.001406700184059
 508.000000000000000    0.001408371105325
 510.000000000000000    0.001410031834845
 512.000000000000000    0.001411682470448
 514.000000000000000    0.001413323182876
 516.000000000000000    0.001414953969417
 518.000000000000000    0.001416575070417
 520.000000000000000    0.001418186506897
 522.000000000000000    0.001419788433563
 524.000000000000000    0.001421380925321
 526.000000000000000    0.001422964079339
 528.000000000000000    0.001424538055579
 530.000000000000000    0.001426102918007
 532.000000000000000    0.001427658761907
 534.000000000000000    0.001429205683292
 536.000000000000000    0.001430743772430
 538.000000000000000    0.001432273198619
 540.000000000000000    0.001433793919429
 542.000000000000000    0.001435306170738
 544.000000000000000    0.001436809963234
 546.000000000000000    0.001438305356740
 548.000000000000000    0.001439792495830
 550.000000000000000    0.001441271536259
 552.000000000000000    0.001442742454432
 554.000000000000000    0.001444205332315
 556.000000000000000    0.001445660346982
 558.000000000000000    0.001447107492712
 560.000000000000000    0.001448546878961
 562.000000000000000    0.001449978587648
 564.000000000000000    0.001451402748777
 566.000000000000000    0.001452819345016
 568.000000000000000    0.001454228536185
 570.000000000000000    0.001455630361649
 572.000000000000000    0.001457024893077
 574.000000000000000    0.001458412248069
 576.000000000000000    0.001459792401623
 578.000000000000000    0.001461165572488
 580.000000000000000    0.001462531717446
 582.000000000000000    0.001463890962285
 584.000000000000000    0.001465243291193
 586.000000000000000    0.001466588888557
 588.000000000000000    0.001467927782943
 590.000000000000000    0.001469260020713
 592.000000000000000    0.001470585684161
 594.000000000000000    0.001471904813874
 596.000000000000000    0.001473217545382
 598.000000000000000    0.001474523876610
 600.000000000000000    0.001475823864600
 602.000000000000000    0.001477117637317
 604.000000000000000    0.001478405122084
 606.000000000000000    0.001479686572385
 608.000000000000000    0.001480961935355
 610.000000000000000    0.001482231213091
 612.000000000000000    0.001483494580447
 614.000000000000000    0.001484752059514
 616.000000000000000    0.001486003674566
 618.000000000000000    0.001487249500036
 620.000000000000000    0.001488489631637
 622.000000000000000    0.001489724121855
 624.000000000000000    0.001490952971328
 626.000000000000000    0.001492176191017
 628.000000000000000    0.001493393988051
 630.000000000000000    0.001494606274501
 632.000000000000000    0.001495813128307
 634.000000000000000    0.001497014712204
 636.000000000000000    0.001498210963775
 638.000000000000000    0.001499401944028
 640.000000000000000    0.001500587717079
 642.000000000000000    0.001501768406894
 644.000000000000000    0.001502943930583
 646.000000000000000    0.001504114387306
 648.000000000000000    0.001505279898342
 650.000000000000000    0.001506440449481
 652.000000000000000    0.001507596092920
 654.000000000000000    0.001508746740845
 656.000000000000000    0.001509892672280
 658.000000000000000    0.001511033813856
 660.000000000000000    0.001512170235027
 662.000000000000000    0.001513301942614
 664.000000000000000    0.001514428988326
 666.000000000000000    0.001515551452166
 668.000000000000000    0.001516669340987
 670.000000000000000    0.001517782784670
 672.000000000000000    0.001518891756289
 674.000000000000000    0.001519996255115
 676.000000000000000    0.001521096254825
 678.000000000000000    0.001522192031812
 680.000000000000000    0.001523283485529
 682.000000000000000    0.001524370652982
 684.000000000000000    0.001525453564832
 686.000000000000000    0.001526532318808
 688.000000000000000    0.001527606860830
 690.000000000000000    0.001528677258513
 692.000000000000000    0.001529743686145
 694.000000000000000    0.001530805990148
 696.000000000000000    0.001531864398465
 698.000000000000000    0.001532918695248
 700.000000000000000    0.001533969119557
 702.000000000000000    0.001535015659048
 704.000000000000000    0.001536058284937
 706.000000000000000    0.001537097115124
 708.000000000000000    0.001538132156988
 710.000000000000000    0.001539163433024
 712.000000000000000    0.001540190950454
 714.000000000000000    0.001541214888762
 716.000000000000000    0.001542234957577
 718.000000000000000    0.001543251520517
 720.000000000000000    0.001544264475858
 722.000000000000000    0.001545273922970
 724.000000000000000    0.001546279799615
 726.000000000000000    0.001547282193230
 728.000000000000000    0.001548281107152
 730.000000000000000    0.001549276572625
 732.000000000000000    0.001550268578914
 734.000000000000000    0.001551257286810
 736.000000000000000    0.001552242598365
 738.000000000000000    0.001553224634511
 740.000000000000000    0.001554203331098
 742.000000000000000    0.001555178783502
 744.000000000000000    0.001556151007303
 746.000000000000000    0.001557120087687
 748.000000000000000    0.001558085931060
 750.000000000000000    0.001559048681774
 752.000000000000000    0.001560008148764
 754.000000000000000    0.001560964725678
 756.000000000000000    0.001561918181104
 758.000000000000000    0.001562868569517
 760.000000000000000    0.001563815881333
 762.000000000000000    0.001564760255199
 764.000000000000000    0.001565701895885
 766.000000000000000    0.001566640289463
 768.000000000000000    0.001567575849282
 770.000000000000000    0.001568508671922
 772.000000000000000    0.001569438463625
 774.000000000000000    0.001570365524289
 776.000000000000000    0.001571289694350
 778.000000000000000    0.001572211194644
 780.000000000000000    0.001573129861615
 782.000000000000000    0.001574045819454
 784.000000000000000    0.001574959169995
 786.000000000000000    0.001575869473297
 788.000000000000000    0.001576777445310
 790.000000000000000    0.001577682695125
 792.000000000000000    0.001578585281674
 794.000000000000000    0.001579485316028
 796.000000000000000    0.001580382811244
 798.000000000000000    0.001581277691872
