   0.000000000000000       -76.341360087910431
   2.000000000000000       -76.341360654882436
   4.000000000000000       -76.341361289689658
   6.000000000000000       -76.341362017589859
   8.000000000000000       -76.341362906605013
  10.000000000000000       -76.341364177967279
  12.000000000000000       -76.341366197367449
  14.000000000000000       -76.341369553615763
  16.000000000000000       -76.341375091160089
  18.000000000000000       -76.341383930672038
  20.000000000000000       -76.341397394519106
  22.000000000000000       -76.341417007007834
  24.000000000000000       -76.341444417180639
  26.000000000000000       -76.341481361966899
  28.000000000000000       -76.341529604961394
  30.000000000000000       -76.341590919466611
  32.000000000000000       -76.341667042268796
  34.000000000000000       -76.341759663370112
  36.000000000000000       -76.341870387917567
  38.000000000000000       -76.342000755128367
  40.000000000000000       -76.342152206993774
  42.000000000000000       -76.342326106458728
  44.000000000000000       -76.342523717458931
  46.000000000000000       -76.342746226564969
  48.000000000000000       -76.342994725786909
  50.000000000000000       -76.343270228056625
  52.000000000000000       -76.343573676249932
  54.000000000000000       -76.343905933876343
  56.000000000000000       -76.344267776602507
  58.000000000000000       -76.344659951712714
  60.000000000000000       -76.345083102323230
  62.000000000000000       -76.345537846570977
  64.000000000000000       -76.346024711965939
  66.000000000000000       -76.346544208892169
  68.000000000000000       -76.347096755195096
  70.000000000000000       -76.347682770843832
  72.000000000000000       -76.348302598648914
  74.000000000000000       -76.348956554278246
  76.000000000000000       -76.349644890266376
  78.000000000000000       -76.350367863883932
  80.000000000000000       -76.351125659514366
  82.000000000000000       -76.351918459255870
  84.000000000000000       -76.352746393009681
  86.000000000000000       -76.353609570814427
  88.000000000000000       -76.354508091937944
  90.000000000000000       -76.355442010675716
  92.000000000000000       -76.356411355028371
  94.000000000000000       -76.357416177599575
  96.000000000000000       -76.358456443654973
  98.000000000000000       -76.359532149252459
 100.000000000000000       -76.360643272291640
 102.000000000000000       -76.361789749575010
 104.000000000000000       -76.362971542492588
 106.000000000000000       -76.364188563219301
 108.000000000000000       -76.365440727456289
 110.000000000000000       -76.366727936660467
 112.000000000000000       -76.368050093193588
 114.000000000000000       -76.369407107119400
 116.000000000000000       -76.370798835236755
 118.000000000000000       -76.372225148012646
 120.000000000000000       -76.373685915792080
 122.000000000000000       -76.375181018365282
 124.000000000000000       -76.376710304441175
 126.000000000000000       -76.378273623106836
 128.000000000000000       -76.379870832584984
 130.000000000000000       -76.381501776423505
 132.000000000000000       -76.383166286016376
 134.000000000000000       -76.384864231790800
 136.000000000000000       -76.386595429510294
 138.000000000000000       -76.388359720055121
 140.000000000000000       -76.390156957875789
 142.000000000000000       -76.391986956823885
 144.000000000000000       -76.393849570130612
 146.000000000000000       -76.395744612290670
 148.000000000000000       -76.397671942766181
 150.000000000000000       -76.399631375003295
 152.000000000000000       -76.401622757408447
 154.000000000000000       -76.403645898321017
 156.000000000000000       -76.405700670967562
 158.000000000000000       -76.407786880917143
 160.000000000000000       -76.409904370254054
 162.000000000000000       -76.412052983754947
 164.000000000000000       -76.414232565272528
 166.000000000000000       -76.416442939277658
 168.000000000000000       -76.418683938735981
 170.000000000000000       -76.420955410659332
 172.000000000000000       -76.423257210007861
 174.000000000000000       -76.425589172672318
 176.000000000000000       -76.427951111886642
 178.000000000000000       -76.430342927618682
 180.000000000000000       -76.432764426546811
 182.000000000000000       -76.435215474060769
 184.000000000000000       -76.437695919509451
 186.000000000000000       -76.440205602197807
 188.000000000000000       -76.442744360363207
 190.000000000000000       -76.445312090255428
 192.000000000000000       -76.447908593745098
 194.000000000000000       -76.450533780604943
 196.000000000000000       -76.453187470408963
 198.000000000000000       -76.455869542704690
 200.000000000000000       -76.458579836124315
 202.000000000000000       -76.461318221899404
 204.000000000000000       -76.464084573446399
 206.000000000000000       -76.466878736266580
 208.000000000000000       -76.469700605161179
 210.000000000000000       -76.472550014808718
 212.000000000000000       -76.475426848702369
 214.000000000000000       -76.478330955098016
 216.000000000000000       -76.481262271673543
 218.000000000000000       -76.484220587963677
 220.000000000000000       -76.487205823243258
 222.000000000000000       -76.490217848583754
 224.000000000000000       -76.493256521853667
 226.000000000000000       -76.496321745406291
 228.000000000000000       -76.499413372252576
 230.000000000000000       -76.502531313994027
 232.000000000000000       -76.505675428525350
 234.000000000000000       -76.508845605291881
 236.000000000000000       -76.512041708531910
 238.000000000000000       -76.515263667068581
 240.000000000000000       -76.518511329449808
 242.000000000000000       -76.521784596655863
 244.000000000000000       -76.525083334014226
 246.000000000000000       -76.528407475877771
 248.000000000000000       -76.531756876329013
 250.000000000000000       -76.535131449853949
 252.000000000000000       -76.538531073651399
 254.000000000000000       -76.541955636648495
 256.000000000000000       -76.545405055759829
 258.000000000000000       -76.548879208403079
 260.000000000000000       -76.552377993952604
 262.000000000000000       -76.555901322865680
 264.000000000000000       -76.559449071208718
 266.000000000000000       -76.563021158562250
 268.000000000000000       -76.566617479803483
 270.000000000000000       -76.570237927885600
 272.000000000000000       -76.573882422195226
 274.000000000000000       -76.577550863960397
 276.000000000000000       -76.581243135841333
 278.000000000000000       -76.584959159895860
 280.000000000000000       -76.588698825931090
 282.000000000000000       -76.592462077689405
 284.000000000000000       -76.596248809042152
 286.000000000000000       -76.600058898245891
 288.000000000000000       -76.603892289761859
 290.000000000000000       -76.607748872984672
 292.000000000000000       -76.611628557544435
 294.000000000000000       -76.615531276678084
 296.000000000000000       -76.619456919788078
 298.000000000000000       -76.623405414366971
 300.000000000000000       -76.627376669047479
 302.000000000000000       -76.631370602732574
 304.000000000000000       -76.635387140365580
 306.000000000000000       -76.639426181593734
 308.000000000000000       -76.643487619563984
 310.000000000000000       -76.647571432015624
 312.000000000000000       -76.651677493365938
 314.000000000000000       -76.655805743350200
 316.000000000000000       -76.659956050324041
 318.000000000000000       -76.664128436332803
 320.000000000000000       -76.668322749814379
 322.000000000000000       -76.672538902868297
 324.000000000000000       -76.676776861958999
 326.000000000000000       -76.681036502805725
 328.000000000000000       -76.685317788437430
 330.000000000000000       -76.689620618187178
 332.000000000000000       -76.693944949530817
 334.000000000000000       -76.698290670088426
 336.000000000000000       -76.702657734174622
 338.000000000000000       -76.707046037114040
 340.000000000000000       -76.711455530834755
 342.000000000000000       -76.715886143401107
 344.000000000000000       -76.720337778124957
 346.000000000000000       -76.724810389634087
 348.000000000000000       -76.729303884995275
 350.000000000000000       -76.733818191148799
 352.000000000000000       -76.738353298542890
 354.000000000000000       -76.742909064027842
 356.000000000000000       -76.747485464209632
 358.000000000000000       -76.752082414884910
 360.000000000000000       -76.756699804099682
 362.000000000000000       -76.761337632361801
 364.000000000000000       -76.765995817560778
 366.000000000000000       -76.770674263565638
 368.000000000000000       -76.775372925883204
 370.000000000000000       -76.780091736084159
 372.000000000000000       -76.784830635535016
 374.000000000000000       -76.789589559176804
 376.000000000000000       -76.794368385689893
 378.000000000000000       -76.799167156809432
 380.000000000000000       -76.803985717442089
 382.000000000000000       -76.808824079606680
 384.000000000000000       -76.813682132588738
 386.000000000000000       -76.818559802588169
 388.000000000000000       -76.823457057095368
 390.000000000000000       -76.828373805028846
 392.000000000000000       -76.833310035836689
 394.000000000000000       -76.838265642806206
 396.000000000000000       -76.843240591083074
 398.000000000000000       -76.848234819261322
 400.000000000000000       -76.853248219248158
 402.000000000000000       -76.858280850086842
 404.000000000000000       -76.863332506208209
 406.000000000000000       -76.868403219575470
 408.000000000000000       -76.873492917107512
 410.000000000000000       -76.878601547919445
 412.000000000000000       -76.883729000741013
 414.000000000000000       -76.888875317254005
 416.000000000000000       -76.894040292819994
 418.000000000000000       -76.899224041167415
 420.000000000000000       -76.904426400090927
 422.000000000000000       -76.909647390916078
 424.000000000000000       -76.914886832602235
 426.000000000000000       -76.920144790788413
 428.000000000000000       -76.925421174928246
 430.000000000000000       -76.930715848752470
 432.000000000000000       -76.936028936313079
 434.000000000000000       -76.941360172957559
 436.000000000000000       -76.946709666838487
 438.000000000000000       -76.952077321811529
 440.000000000000000       -76.957463055471109
 442.000000000000000       -76.962866814717572
 444.000000000000000       -76.968288555839024
 446.000000000000000       -76.973728260694969
 448.000000000000000       -76.979185864790864
 450.000000000000000       -76.984661271081407
 452.000000000000000       -76.990154499909238
 454.000000000000000       -76.995665443193985
 456.000000000000000       -77.001194090688713
 458.000000000000000       -77.006740339393332
 460.000000000000000       -77.012304182328421
 462.000000000000000       -77.017885563985942
 464.000000000000000       -77.023484401932677
 466.000000000000000       -77.029100700443479
 468.000000000000000       -77.034734366618295
 470.000000000000000       -77.040385414861504
 472.000000000000000       -77.046053721478401
 474.000000000000000       -77.051739241436593
 476.000000000000000       -77.057442017980549
 478.000000000000000       -77.063161896185306
 480.000000000000000       -77.068898873799625
 482.000000000000000       -77.074652930928480
 484.000000000000000       -77.080423963678413
 486.000000000000000       -77.086211958779742
 488.000000000000000       -77.092016871454931
 490.000000000000000       -77.097838657717162
 492.000000000000000       -77.103677238683616
 494.000000000000000       -77.109532614761562
 496.000000000000000       -77.115404710194298
 498.000000000000000       -77.121293543306209
 500.000000000000000       -77.127198940270830
 502.000000000000000       -77.133120984361796
 504.000000000000000       -77.139059518685627
 506.000000000000000       -77.145014595435129
 508.000000000000000       -77.150986123027835
 510.000000000000000       -77.156974041126219
 512.000000000000000       -77.162978391211055
 514.000000000000000       -77.168999031727139
 516.000000000000000       -77.175035984806854
 518.000000000000000       -77.181089147303808
 520.000000000000000       -77.187158531889338
 522.000000000000000       -77.193244067562006
 524.000000000000000       -77.199345693001959
 526.000000000000000       -77.205463472212656
 528.000000000000000       -77.211597224877039
 530.000000000000000       -77.217746984122471
 532.000000000000000       -77.223912679670235
 534.000000000000000       -77.230094252697484
 536.000000000000000       -77.236291749203758
 538.000000000000000       -77.242504998817353
 540.000000000000000       -77.248734161519877
 542.000000000000000       -77.254978965710976
 544.000000000000000       -77.261239484349446
 546.000000000000000       -77.267515698209493
 548.000000000000000       -77.273807559823581
 550.000000000000000       -77.280114902748522
 552.000000000000000       -77.286437840342799
 554.000000000000000       -77.292776307760008
 556.000000000000000       -77.299130218163626
 558.000000000000000       -77.305499568988338
 560.000000000000000       -77.311884298623681
 562.000000000000000       -77.318284384619446
 564.000000000000000       -77.324699748721414
 566.000000000000000       -77.331130413481901
 568.000000000000000       -77.337576291772564
 570.000000000000000       -77.344037397310927
 572.000000000000000       -77.350513678744903
 574.000000000000000       -77.357005041394856
 576.000000000000000       -77.363511489402867
 578.000000000000000       -77.370032951218477
 580.000000000000000       -77.376569474312163
 582.000000000000000       -77.383120947207445
 584.000000000000000       -77.389687385667060
 586.000000000000000       -77.396268702998938
 588.000000000000000       -77.402864839745149
 590.000000000000000       -77.409475865678331
 592.000000000000000       -77.416101636407603
 594.000000000000000       -77.422742172976839
 596.000000000000000       -77.429397443063692
 598.000000000000000       -77.436067367685226
 600.000000000000000       -77.442751960345419
 602.000000000000000       -77.449451133938098
 604.000000000000000       -77.456164941165198
 606.000000000000000       -77.462893238462570
 608.000000000000000       -77.469636040309481
 610.000000000000000       -77.476393349782015
 612.000000000000000       -77.483165084036926
 614.000000000000000       -77.489951214942110
 616.000000000000000       -77.496751720409321
 618.000000000000000       -77.503566561628972
 620.000000000000000       -77.510395669938418
 622.000000000000000       -77.517239031243435
 624.000000000000000       -77.524096661869493
 626.000000000000000       -77.530968528227291
 628.000000000000000       -77.537854488276650
 630.000000000000000       -77.544754616672932
 632.000000000000000       -77.551668868412293
 634.000000000000000       -77.558597132692910
 636.000000000000000       -77.565539440947873
 638.000000000000000       -77.572495791445078
 640.000000000000000       -77.579466089713236
 642.000000000000000       -77.586450292136291
 644.000000000000000       -77.593448407508546
 646.000000000000000       -77.600460445680142
 648.000000000000000       -77.607486253192931
 650.000000000000000       -77.614525868166666
 652.000000000000000       -77.621579265628526
 654.000000000000000       -77.628646495515540
 656.000000000000000       -77.635727360658890
 658.000000000000000       -77.642821915542854
 660.000000000000000       -77.649930123580972
 662.000000000000000       -77.657051954586635
 664.000000000000000       -77.664187368281688
 666.000000000000000       -77.671336370177073
 668.000000000000000       -77.678498889183217
 670.000000000000000       -77.685674860514212
 672.000000000000000       -77.692864282457933
 674.000000000000000       -77.700067171558203
 676.000000000000000       -77.707283544994496
 678.000000000000000       -77.714513195867625
 680.000000000000000       -77.721756204463517
 682.000000000000000       -77.729012551932655
 684.000000000000000       -77.736282188860713
 686.000000000000000       -77.743565039290843
 688.000000000000000       -77.750861167085787
 690.000000000000000       -77.758170503563093
 692.000000000000000       -77.765492952857542
 694.000000000000000       -77.772828590276617
 696.000000000000000       -77.780177261101045
 698.000000000000000       -77.787539102106493
 700.000000000000000       -77.794913952911358
 702.000000000000000       -77.802301838176206
 704.000000000000000       -77.809702693950385
 706.000000000000000       -77.817116564583770
 708.000000000000000       -77.824543335888663
 710.000000000000000       -77.831983015852131
 712.000000000000000       -77.839435607602837
 714.000000000000000       -77.846900994369975
 716.000000000000000       -77.854379316047812
 718.000000000000000       -77.861870381563691
 720.000000000000000       -77.869374207720824
 722.000000000000000       -77.876890769999349
 724.000000000000000       -77.884420033465375
 726.000000000000000       -77.891962023100547
 728.000000000000000       -77.899516655429892
 730.000000000000000       -77.907083925684049
 732.000000000000000       -77.914663827111212
 734.000000000000000       -77.922256287919282
 736.000000000000000       -77.929861321696805
 738.000000000000000       -77.937478869571635
 740.000000000000000       -77.945108927064354
 742.000000000000000       -77.952751461409321
 744.000000000000000       -77.960406440988919
 746.000000000000000       -77.968073806791367
 748.000000000000000       -77.975753607817353
 750.000000000000000       -77.983445770810491
 752.000000000000000       -77.991150337043095
 754.000000000000000       -77.998867129993940
 756.000000000000000       -78.006596246614023
 758.000000000000000       -78.014337639000743
 760.000000000000000       -78.022091304674007
 762.000000000000000       -78.029857173264105
 764.000000000000000       -78.037635115948035
 766.000000000000000       -78.045425386015268
 768.000000000000000       -78.053227759601228
 770.000000000000000       -78.061042162499334
 772.000000000000000       -78.068868758006488
 774.000000000000000       -78.076707369562527
 776.000000000000000       -78.084558057582043
 778.000000000000000       -78.092420715402014
 780.000000000000000       -78.100295387777209
 782.000000000000000       -78.108182027214667
 784.000000000000000       -78.116080562617128
 786.000000000000000       -78.123991199358670
 788.000000000000000       -78.131913528630051
 790.000000000000000       -78.139847802766710
 792.000000000000000       -78.147793948416805
 794.000000000000000       -78.155751878566733
 796.000000000000000       -78.163721603223834
 798.000000000000000       -78.171703123876355
