   0.000000000000000         0.000000000000000
   2.000000000000000         0.000000000000000
   4.000000000000000        39.376661810189873
   6.000000000000000        11.446881700244822
   8.000000000000000         2.315466571557542
  10.000000000000000        -1.131998054064599
  12.000000000000000        -2.403844935038224
  14.000000000000000        -2.795994677717738
  16.000000000000000        -2.838778045253027
  18.000000000000000        -2.749324046672680
  20.000000000000000        -2.612368441563542
  22.000000000000000        -2.462194642021995
  24.000000000000000        -2.313484543772028
  26.000000000000000        -2.171439077498402
  28.000000000000000        -2.038013367348711
  30.000000000000000        -1.913373530561794
  32.000000000000000        -1.796923342508048
  34.000000000000000        -1.688034501100138
  36.000000000000000        -1.585797255851133
  38.000000000000000        -1.489618227683315
  40.000000000000000        -1.398751441828976
  42.000000000000000        -1.312656186877972
  44.000000000000000        -1.230966786984467
  46.000000000000000        -1.153239301908622
  48.000000000000000        -1.079241437829386
  50.000000000000000        -1.008687345098995
  52.000000000000000        -0.941375546713241
  54.000000000000000        -0.877212271510795
  56.000000000000000        -0.815968468600049
  58.000000000000000        -0.757514695775372
  60.000000000000000        -0.701778139004447
  62.000000000000000        -0.648640813904628
  64.000000000000000        -0.597939394336571
  66.000000000000000        -0.549647887473989
  68.000000000000000        -0.503635453035694
  70.000000000000000        -0.459720480131104
  72.000000000000000        -0.417883865431595
  74.000000000000000        -0.378062690438781
  76.000000000000000        -0.340116740435674
  78.000000000000000        -0.303931752853409
  80.000000000000000        -0.269475162809942
  82.000000000000000        -0.236637302573260
  84.000000000000000        -0.205349072079802
  86.000000000000000        -0.175495481784858
  88.000000000000000        -0.147034218749430
  90.000000000000000        -0.119944092877956
  92.000000000000000        -0.094042396711500
  94.000000000000000        -0.069335957271333
  96.000000000000000        -0.045813481866964
  98.000000000000000        -0.023312088151948
 100.000000000000000        -0.001835293841260
 102.000000000000000         0.018690612692416
 104.000000000000000         0.038317713187560
 106.000000000000000         0.057050930335596
 108.000000000000000         0.074946261367991
 110.000000000000000         0.092056171404849
 112.000000000000000         0.108497694930959
 114.000000000000000         0.124210496797057
 116.000000000000000         0.139202285950799
 118.000000000000000         0.153559210934918
 120.000000000000000         0.167331640403971
 122.000000000000000         0.180549767168752
 124.000000000000000         0.193190170796949
 126.000000000000000         0.205311517108998
 128.000000000000000         0.216945308909947
 130.000000000000000         0.228074404240747
 132.000000000000000         0.238771564992148
 134.000000000000000         0.249047388009275
 136.000000000000000         0.258865201095706
 138.000000000000000         0.268327602409299
 140.000000000000000         0.277407043940705
 142.000000000000000         0.286108341385385
 144.000000000000000         0.294470230166083
 146.000000000000000         0.302516227702711
 148.000000000000000         0.310252930131992
 150.000000000000000         0.317663825723513
 152.000000000000000         0.324764047074890
 154.000000000000000         0.331624823092047
 156.000000000000000         0.338225327568545
 158.000000000000000         0.344539794410490
 160.000000000000000         0.350634371403801
 162.000000000000000         0.356502339321372
 164.000000000000000         0.362152456328204
 166.000000000000000         0.367551258674111
 168.000000000000000         0.372738833749368
 170.000000000000000         0.377768850213793
 172.000000000000000         0.382610427698840
 174.000000000000000         0.387217192981759
 176.000000000000000         0.391691253193289
 178.000000000000000         0.396011229620857
 180.000000000000000         0.400139727585871
 182.000000000000000         0.404134580303319
 184.000000000000000         0.407971770401814
 186.000000000000000         0.411640475792649
 188.000000000000000         0.415201496449966
 190.000000000000000         0.418615189328930
 192.000000000000000         0.421908206310838
 194.000000000000000         0.425094764677262
 196.000000000000000         0.428149056468386
 198.000000000000000         0.431083691626699
 200.000000000000000         0.433897340431520
 202.000000000000000         0.436639844898314
 204.000000000000000         0.439254442950623
 206.000000000000000         0.441797818169858
 208.000000000000000         0.444237221015456
 210.000000000000000         0.446559706273060
 212.000000000000000         0.448810189377104
 214.000000000000000         0.451022832008531
 216.000000000000000         0.453124257554368
 218.000000000000000         0.455112740689254
 220.000000000000000         0.457065915512068
 222.000000000000000         0.458936054489007
 224.000000000000000         0.460745228907476
 226.000000000000000         0.462474602841510
 228.000000000000000         0.464155096556059
 230.000000000000000         0.465784988068751
 232.000000000000000         0.467325816584519
 234.000000000000000         0.468796572836848
 236.000000000000000         0.470249845703262
 238.000000000000000         0.471651986991248
 240.000000000000000         0.472977931365177
 242.000000000000000         0.474246192593299
 244.000000000000000         0.475485835330924
 246.000000000000000         0.476688554173065
 248.000000000000000         0.477837830777431
 250.000000000000000         0.478951894608443
 252.000000000000000         0.479999801107371
 254.000000000000000         0.481026522693120
 256.000000000000000         0.482024170449720
 258.000000000000000         0.482965165894034
 260.000000000000000         0.483877176026659
 262.000000000000000         0.484747618376672
 264.000000000000000         0.485595869282225
 266.000000000000000         0.486419026925317
 268.000000000000000         0.487196436428764
 270.000000000000000         0.487951645680007
 272.000000000000000         0.488685461290123
 274.000000000000000         0.489376542111876
 276.000000000000000         0.490040985809136
 278.000000000000000         0.490672271291494
 280.000000000000000         0.491297545409773
 282.000000000000000         0.491925278227155
 284.000000000000000         0.492484957300866
 286.000000000000000         0.493029167151237
 288.000000000000000         0.493564011894609
 290.000000000000000         0.494054984640745
 292.000000000000000         0.494545176759122
 294.000000000000000         0.495019062100605
 296.000000000000000         0.495466408832203
 298.000000000000000         0.495900385371880
 300.000000000000000         0.496314386849070
 302.000000000000000         0.496726599615784
 304.000000000000000         0.497112757279732
 306.000000000000000         0.497452225683009
 308.000000000000000         0.497807813641341
 310.000000000000000         0.498166484056965
 312.000000000000000         0.498479726063927
 314.000000000000000         0.498760364570945
 316.000000000000000         0.499072615450388
 318.000000000000000         0.499391554464217
 320.000000000000000         0.499634102134173
 322.000000000000000         0.499887454898919
 324.000000000000000         0.500138217455921
 326.000000000000000         0.500373867487077
 328.000000000000000         0.500604926416976
 330.000000000000000         0.500825504298684
 332.000000000000000         0.501045707550130
 334.000000000000000         0.501236951149721
 336.000000000000000         0.501416447606691
 338.000000000000000         0.501592569389904
 340.000000000000000         0.501780576093218
 342.000000000000000         0.501938666811920
 344.000000000000000         0.502086427186393
 346.000000000000000         0.502239763034484
 348.000000000000000         0.502363139353955
 350.000000000000000         0.502514337078068
 352.000000000000000         0.502652317574903
 354.000000000000000         0.502770152615632
 356.000000000000000         0.502899184993864
 358.000000000000000         0.502988166807516
 360.000000000000000         0.503075373303086
 362.000000000000000         0.503188593632139
 364.000000000000000         0.503278045997863
 366.000000000000000         0.503364104131379
 368.000000000000000         0.503458612695996
 370.000000000000000         0.503526600697662
 372.000000000000000         0.503599688415133
 374.000000000000000         0.503659856604104
 376.000000000000000         0.503728693016322
 378.000000000000000         0.503790345765487
 380.000000000000000         0.503842792438590
 382.000000000000000         0.503908144397313
 384.000000000000000         0.503955758185747
 386.000000000000000         0.504000857334985
 388.000000000000000         0.504031734508866
 390.000000000000000         0.504071632184131
 392.000000000000000         0.504106979682283
 394.000000000000000         0.504145962378380
 396.000000000000000         0.504183938845472
 398.000000000000000         0.504200086014853
 400.000000000000000         0.504233203585297
 402.000000000000000         0.504258409032351
 404.000000000000000         0.504262317537239
 406.000000000000000         0.504283257995022
 408.000000000000000         0.504314377829881
 410.000000000000000         0.504327970649964
 412.000000000000000         0.504336125685348
 414.000000000000000         0.504333496171416
 416.000000000000000         0.504339980246028
 418.000000000000000         0.504362623335115
 420.000000000000000         0.504369794119729
 422.000000000000000         0.504369020040857
 424.000000000000000         0.504374636458020
 426.000000000000000         0.504375938066602
 428.000000000000000         0.504364865509127
 430.000000000000000         0.504378310721945
 432.000000000000000         0.504368500835801
 434.000000000000000         0.504354402047741
 436.000000000000000         0.504365602446682
 438.000000000000000         0.504362657417613
 440.000000000000000         0.504342507564878
 442.000000000000000         0.504332373946925
 444.000000000000000         0.504333046495997
 446.000000000000000         0.504328947758709
 448.000000000000000         0.504317197067381
 450.000000000000000         0.504304769988907
 452.000000000000000         0.504300002250667
 454.000000000000000         0.504287406485283
 456.000000000000000         0.504269958054728
 458.000000000000000         0.504252836420074
 460.000000000000000         0.504256229939105
 462.000000000000000         0.504238022608961
 464.000000000000000         0.504219267920913
 466.000000000000000         0.504216470915775
 468.000000000000000         0.504197761556352
 470.000000000000000         0.504181375025877
 472.000000000000000         0.504176543817022
 474.000000000000000         0.504153304706897
 476.000000000000000         0.504138950353830
 478.000000000000000         0.504135229319755
 480.000000000000000         0.504115213881692
 482.000000000000000         0.504103475680906
 484.000000000000000         0.504088524733873
 486.000000000000000         0.504074024802843
 488.000000000000000         0.504063407189198
 490.000000000000000         0.504052743249570
 492.000000000000000         0.504031157543924
 494.000000000000000         0.504024803433458
 496.000000000000000         0.504002469939229
 498.000000000000000         0.503986260669929
 500.000000000000000         0.503989977860089
 502.000000000000000         0.503977081581808
 504.000000000000000         0.503963930514751
 506.000000000000000         0.503945897280422
 508.000000000000000         0.503932069334063
 510.000000000000000         0.503922083531885
 512.000000000000000         0.503913897737344
 514.000000000000000         0.503897278414520
 516.000000000000000         0.503894254055100
 518.000000000000000         0.503889840886973
 520.000000000000000         0.503879108203872
 522.000000000000000         0.503872316201094
 524.000000000000000         0.503847514069468
 526.000000000000000         0.503840126465135
 528.000000000000000         0.503846074937999
 530.000000000000000         0.503834912126926
 532.000000000000000         0.503827729538781
 534.000000000000000         0.503819658130029
 536.000000000000000         0.503830598979905
 538.000000000000000         0.503807014882618
 540.000000000000000         0.503795145338851
 542.000000000000000         0.503817799339996
 544.000000000000000         0.503793124975662
 546.000000000000000         0.503771602367056
 548.000000000000000         0.503796452887988
 550.000000000000000         0.503812655611945
 552.000000000000000         0.503793721588173
 554.000000000000000         0.503792000317192
 556.000000000000000         0.503792366086332
 558.000000000000000         0.503784980382753
 560.000000000000000         0.503782109525277
 562.000000000000000         0.503802715282896
 564.000000000000000         0.503805150547916
 566.000000000000000         0.503798929676471
 568.000000000000000         0.503802968079783
 570.000000000000000         0.503795752067426
 572.000000000000000         0.503812659516161
 574.000000000000000         0.503818439883078
 576.000000000000000         0.503831633244693
 578.000000000000000         0.503841542572000
 580.000000000000000         0.503844077882014
 582.000000000000000         0.503832573260706
 584.000000000000000         0.503832671329185
 586.000000000000000         0.503874754455213
 588.000000000000000         0.503874082742431
 590.000000000000000         0.503886585364810
 592.000000000000000         0.503898107560036
 594.000000000000000         0.503906756077762
 596.000000000000000         0.503940460942021
 598.000000000000000         0.503932182510012
 600.000000000000000         0.503947079228763
 602.000000000000000         0.503955524942268
 604.000000000000000         0.503977491926639
 606.000000000000000         0.504023420387422
 608.000000000000000         0.504000005023780
 610.000000000000000         0.504006190009845
 612.000000000000000         0.504043936846881
 614.000000000000000         0.504062423102144
 616.000000000000000         0.504076214617081
 618.000000000000000         0.504103193270775
 620.000000000000000         0.504154844082390
 622.000000000000000         0.504174721306523
 624.000000000000000         0.504153148786305
 626.000000000000000         0.504199007462130
 628.000000000000000         0.504231878096839
 630.000000000000000         0.504212183636368
 632.000000000000000         0.504267178144833
 634.000000000000000         0.504311417369867
 636.000000000000000         0.504308644573867
 638.000000000000000         0.504335317315702
 640.000000000000000         0.504392883478433
 642.000000000000000         0.504415918220503
 644.000000000000000         0.504411722681802
 646.000000000000000         0.504467227256238
 648.000000000000000         0.504533746074518
 650.000000000000000         0.504559369377639
 652.000000000000000         0.504527038086727
 654.000000000000000         0.504564545077046
 656.000000000000000         0.504634310005513
 658.000000000000000         0.504661082336716
 660.000000000000000         0.504701017511671
 662.000000000000000         0.504716907419748
 664.000000000000000         0.504742811773121
 666.000000000000000         0.504779427087577
 668.000000000000000         0.504845980107803
 670.000000000000000         0.504920240358842
 672.000000000000000         0.504942784791803
 674.000000000000000         0.504906688014973
 676.000000000000000         0.504965484474499
 678.000000000000000         0.505072418621508
 680.000000000000000         0.505094015750615
 682.000000000000000         0.505099735906243
 684.000000000000000         0.505162247184349
 686.000000000000000         0.505209470909031
 688.000000000000000         0.505211650537835
 690.000000000000000         0.505287908547023
 692.000000000000000         0.505340666760270
 694.000000000000000         0.505405243759486
 696.000000000000000         0.505440309134364
 698.000000000000000         0.505467794053719
 700.000000000000000         0.505535739147298
 702.000000000000000         0.505579053930094
 704.000000000000000         0.505620191813367
 706.000000000000000         0.505664233206084
 708.000000000000000         0.505742375860128
 710.000000000000000         0.505774709335863
 712.000000000000000         0.505851638938446
 714.000000000000000         0.505868272095993
 716.000000000000000         0.505877588926576
 718.000000000000000         0.505982963494794
 720.000000000000000         0.506060026233953
 722.000000000000000         0.506127849682720
 724.000000000000000         0.506166535752403
 726.000000000000000         0.506222199915779
 728.000000000000000         0.506285175850086
 730.000000000000000         0.506306017610888
 732.000000000000000         0.506372660406853
 734.000000000000000         0.506450658721425
 736.000000000000000         0.506495228792988
 738.000000000000000         0.506559810673533
 740.000000000000000         0.506615259576893
 742.000000000000000         0.506669940447880
 744.000000000000000         0.506767363370507
 746.000000000000000         0.506838649594018
 748.000000000000000         0.506880440183477
 750.000000000000000         0.506897916178372
 752.000000000000000         0.506984586983009
 754.000000000000000         0.507108276137470
 756.000000000000000         0.507141628867627
 758.000000000000000         0.507160829904181
 760.000000000000000         0.507217989298167
 762.000000000000000         0.507419123571166
 764.000000000000000         0.507441919292706
 766.000000000000000         0.507383060679258
 768.000000000000000         0.507566636804271
 770.000000000000000         0.507631564389563
 772.000000000000000         0.507663414852664
 774.000000000000000         0.507740575952371
 776.000000000000000         0.507820787029294
 778.000000000000000         0.507912263925257
 780.000000000000000         0.507970506440588
 782.000000000000000         0.508110570753944
 784.000000000000000         0.508035229500954
 786.000000000000000         0.508114084663027
 788.000000000000000         0.508330730005691
 790.000000000000000         0.508313554959177
 792.000000000000000         0.508406246640028
 794.000000000000000         0.508530472400598
 796.000000000000000         0.508580502533943
 798.000000000000000         0.508632670697200
