# Volume points
 118.28673    0.32502   0.30456   0.20707   0.04024  -0.18289  -0.45356  -0.76539  -1.11342
 121.90750    0.28369   0.26438   0.16690  -0.00107  -0.22585  -0.49846  -0.81240  -1.16268
 125.60142    0.29686   0.27776   0.17850   0.00760  -0.22056  -0.49679  -0.81450  -1.16864
 129.36921    0.36008   0.34084   0.23937   0.06526  -0.16649  -0.44648  -0.76807  -1.12615
 133.21162    0.46711   0.44723   0.34254   0.16422  -0.07206  -0.35674  -0.68311  -1.04603
 137.12936    0.61340   0.59228   0.48309   0.29932   0.05727  -0.23331  -0.56566  -0.93463
 141.12317    0.79573   0.77282   0.65824   0.46817   0.21955  -0.07774  -0.41687  -0.79267

# Fitted data
 118.28673    0.32503   0.30461   0.20719   0.04045  -0.18260  -0.45319  -0.76494  -1.11289
 118.40091    0.32280   0.30242   0.20501   0.03823  -0.18486  -0.45551  -0.76733  -1.11535
 118.51509    0.32064   0.30030   0.20289   0.03608  -0.18707  -0.45778  -0.76966  -1.11776
 118.62927    0.31853   0.29823   0.20084   0.03399  -0.18921  -0.45999  -0.77194  -1.12011
 118.74345    0.31649   0.29623   0.19884   0.03196  -0.19130  -0.46214  -0.77416  -1.12240
 118.85764    0.31452   0.29430   0.19690   0.02998  -0.19333  -0.46423  -0.77632  -1.12464
 118.97182    0.31260   0.29242   0.19503   0.02807  -0.19529  -0.46626  -0.77842  -1.12682
 119.08600    0.31075   0.29060   0.19321   0.02621  -0.19720  -0.46823  -0.78047  -1.12894
 119.20018    0.30896   0.28884   0.19145   0.02442  -0.19906  -0.47015  -0.78246  -1.13101
 119.31437    0.30722   0.28715   0.18975   0.02268  -0.20085  -0.47202  -0.78439  -1.13302
 119.42855    0.30555   0.28551   0.18812   0.02100  -0.20259  -0.47382  -0.78627  -1.13498
 119.54273    0.30394   0.28394   0.18653   0.01938  -0.20427  -0.47557  -0.78810  -1.13688
 119.65691    0.30239   0.28242   0.18501   0.01781  -0.20590  -0.47726  -0.78986  -1.13872
 119.77109    0.30090   0.28096   0.18355   0.01630  -0.20747  -0.47890  -0.79158  -1.14052
 119.88528    0.29947   0.27956   0.18214   0.01485  -0.20898  -0.48049  -0.79324  -1.14226
 119.99946    0.29809   0.27822   0.18079   0.01346  -0.21043  -0.48201  -0.79484  -1.14394
 120.11364    0.29678   0.27694   0.17950   0.01212  -0.21184  -0.48349  -0.79639  -1.14558
 120.22782    0.29552   0.27571   0.17826   0.01084  -0.21318  -0.48491  -0.79789  -1.14716
 120.34201    0.29432   0.27454   0.17708   0.00961  -0.21448  -0.48627  -0.79934  -1.14868
 120.45619    0.29318   0.27343   0.17596   0.00844  -0.21571  -0.48758  -0.80073  -1.15016
 120.57037    0.29210   0.27238   0.17489   0.00732  -0.21690  -0.48884  -0.80207  -1.15158
 120.68455    0.29107   0.27138   0.17388   0.00626  -0.21803  -0.49005  -0.80335  -1.15295
 120.79873    0.29011   0.27044   0.17293   0.00525  -0.21910  -0.49120  -0.80459  -1.15427
 120.91292    0.28919   0.26955   0.17202   0.00429  -0.22013  -0.49230  -0.80577  -1.15554
 121.02710    0.28834   0.26872   0.17118   0.00339  -0.22110  -0.49335  -0.80690  -1.15676
 121.14128    0.28754   0.26795   0.17039   0.00254  -0.22201  -0.49434  -0.80798  -1.15793
 121.25546    0.28679   0.26723   0.16965   0.00175  -0.22288  -0.49529  -0.80901  -1.15904
 121.36965    0.28610   0.26657   0.16896   0.00101  -0.22369  -0.49618  -0.80999  -1.16011
 121.48383    0.28547   0.26596   0.16833   0.00032  -0.22445  -0.49702  -0.81092  -1.16113
 121.59801    0.28489   0.26540   0.16775  -0.00032  -0.22516  -0.49781  -0.81179  -1.16210
 121.71219    0.28436   0.26490   0.16723  -0.00090  -0.22582  -0.49855  -0.81262  -1.16302
 121.82637    0.28389   0.26445   0.16676  -0.00143  -0.22643  -0.49925  -0.81340  -1.16389
 121.94056    0.28348   0.26405   0.16634  -0.00191  -0.22698  -0.49989  -0.81413  -1.16471
 122.05474    0.28311   0.26371   0.16597  -0.00234  -0.22749  -0.50048  -0.81481  -1.16548
 122.16892    0.28281   0.26342   0.16565  -0.00272  -0.22795  -0.50102  -0.81544  -1.16621
 122.28310    0.28255   0.26319   0.16539  -0.00305  -0.22835  -0.50151  -0.81603  -1.16688
 122.39729    0.28235   0.26300   0.16517  -0.00333  -0.22871  -0.50195  -0.81656  -1.16751
 122.51147    0.28219   0.26287   0.16501  -0.00356  -0.22902  -0.50235  -0.81705  -1.16810
 122.62565    0.28210   0.26279   0.16490  -0.00373  -0.22928  -0.50270  -0.81749  -1.16863
 122.73983    0.28205   0.26276   0.16484  -0.00386  -0.22949  -0.50299  -0.81788  -1.16912
 122.85401    0.28205   0.26278   0.16483  -0.00394  -0.22965  -0.50325  -0.81822  -1.16956
 122.96820    0.28211   0.26286   0.16487  -0.00397  -0.22976  -0.50345  -0.81852  -1.16996
 123.08238    0.28222   0.26298   0.16496  -0.00395  -0.22983  -0.50361  -0.81878  -1.17031
 123.19656    0.28238   0.26316   0.16509  -0.00388  -0.22984  -0.50371  -0.81898  -1.17062
 123.31074    0.28259   0.26338   0.16528  -0.00377  -0.22981  -0.50378  -0.81914  -1.17088
 123.42493    0.28285   0.26365   0.16552  -0.00361  -0.22973  -0.50379  -0.81925  -1.17109
 123.53911    0.28316   0.26398   0.16580  -0.00339  -0.22961  -0.50376  -0.81932  -1.17126
 123.65329    0.28352   0.26435   0.16613  -0.00314  -0.22944  -0.50369  -0.81935  -1.17139
 123.76747    0.28393   0.26477   0.16652  -0.00283  -0.22922  -0.50356  -0.81932  -1.17147
 123.88165    0.28439   0.26524   0.16695  -0.00248  -0.22896  -0.50340  -0.81926  -1.17151
 123.99584    0.28489   0.26576   0.16742  -0.00208  -0.22865  -0.50319  -0.81915  -1.17150
 124.11002    0.28545   0.26633   0.16795  -0.00163  -0.22829  -0.50293  -0.81899  -1.17145
 124.22420    0.28606   0.26695   0.16852  -0.00114  -0.22789  -0.50263  -0.81879  -1.17136
 124.33838    0.28671   0.26761   0.16914  -0.00060  -0.22745  -0.50228  -0.81855  -1.17122
 124.45257    0.28741   0.26832   0.16980  -0.00001  -0.22696  -0.50189  -0.81826  -1.17104
 124.56675    0.28816   0.26908   0.17051   0.00062  -0.22642  -0.50145  -0.81793  -1.17082
 124.68093    0.28896   0.26989   0.17127   0.00129  -0.22584  -0.50098  -0.81756  -1.17055
 124.79511    0.28981   0.27074   0.17207   0.00201  -0.22522  -0.50045  -0.81715  -1.17025
 124.90929    0.29070   0.27164   0.17292   0.00278  -0.22455  -0.49989  -0.81669  -1.16990
 125.02348    0.29164   0.27258   0.17381   0.00359  -0.22383  -0.49928  -0.81619  -1.16951
 125.13766    0.29262   0.27358   0.17475   0.00444  -0.22308  -0.49863  -0.81564  -1.16908
 125.25184    0.29366   0.27461   0.17574   0.00534  -0.22228  -0.49794  -0.81506  -1.16861
 125.36602    0.29473   0.27570   0.17677   0.00628  -0.22144  -0.49720  -0.81443  -1.16809
 125.48021    0.29586   0.27683   0.17784   0.00726  -0.22055  -0.49642  -0.81377  -1.16754
 125.59439    0.29703   0.27800   0.17896   0.00829  -0.21963  -0.49560  -0.81306  -1.16694
 125.70857    0.29824   0.27922   0.18012   0.00936  -0.21866  -0.49474  -0.81231  -1.16631
 125.82275    0.29950   0.28048   0.18132   0.01048  -0.21765  -0.49384  -0.81152  -1.16564
 125.93693    0.30081   0.28179   0.18257   0.01164  -0.21659  -0.49289  -0.81069  -1.16492
 126.05112    0.30216   0.28314   0.18386   0.01284  -0.21550  -0.49191  -0.80982  -1.16417
 126.16530    0.30355   0.28454   0.18520   0.01408  -0.21436  -0.49088  -0.80891  -1.16337
 126.27948    0.30499   0.28598   0.18658   0.01536  -0.21318  -0.48982  -0.80796  -1.16254
 126.39366    0.30648   0.28746   0.18800   0.01669  -0.21196  -0.48871  -0.80697  -1.16167
 126.50785    0.30800   0.28899   0.18946   0.01805  -0.21070  -0.48757  -0.80594  -1.16076
 126.62203    0.30957   0.29055   0.19097   0.01946  -0.20940  -0.48638  -0.80487  -1.15981
 126.73621    0.31119   0.29217   0.19251   0.02091  -0.20806  -0.48516  -0.80377  -1.15883
 126.85039    0.31285   0.29382   0.19410   0.02240  -0.20668  -0.48389  -0.80262  -1.15780
 126.96457    0.31455   0.29552   0.19573   0.02393  -0.20526  -0.48259  -0.80144  -1.15674
 127.07876    0.31629   0.29726   0.19740   0.02550  -0.20380  -0.48124  -0.80021  -1.15564
 127.19294    0.31807   0.29904   0.19911   0.02712  -0.20230  -0.47986  -0.79895  -1.15451
 127.30712    0.31990   0.30086   0.20087   0.02877  -0.20076  -0.47844  -0.79766  -1.15333
 127.42130    0.32177   0.30273   0.20266   0.03046  -0.19919  -0.47698  -0.79632  -1.15212
 127.53549    0.32368   0.30463   0.20450   0.03219  -0.19757  -0.47549  -0.79495  -1.15088
 127.64967    0.32563   0.30658   0.20637   0.03396  -0.19591  -0.47395  -0.79354  -1.14959
 127.76385    0.32763   0.30857   0.20828   0.03577  -0.19422  -0.47238  -0.79209  -1.14827
 127.87803    0.32966   0.31060   0.21024   0.03762  -0.19249  -0.47077  -0.79061  -1.14692
 127.99221    0.33174   0.31267   0.21223   0.03951  -0.19072  -0.46913  -0.78909  -1.14553
 128.10640    0.33386   0.31478   0.21427   0.04143  -0.18891  -0.46744  -0.78753  -1.14410
 128.22058    0.33601   0.31693   0.21634   0.04340  -0.18707  -0.46572  -0.78594  -1.14264
 128.33476    0.33821   0.31912   0.21845   0.04540  -0.18519  -0.46397  -0.78431  -1.14114
 128.44894    0.34045   0.32134   0.22060   0.04744  -0.18327  -0.46217  -0.78265  -1.13960
 128.56313    0.34273   0.32361   0.22279   0.04952  -0.18131  -0.46034  -0.78095  -1.13804
 128.67731    0.34505   0.32592   0.22501   0.05163  -0.17932  -0.45848  -0.77921  -1.13643
 128.79149    0.34740   0.32827   0.22728   0.05379  -0.17729  -0.45657  -0.77744  -1.13480
 128.90567    0.34980   0.33065   0.22958   0.05598  -0.17522  -0.45464  -0.77564  -1.13313
 129.01985    0.35223   0.33308   0.23192   0.05820  -0.17312  -0.45267  -0.77380  -1.13142
 129.13404    0.35471   0.33554   0.23430   0.06047  -0.17098  -0.45066  -0.77192  -1.12968
 129.24822    0.35722   0.33804   0.23672   0.06277  -0.16881  -0.44861  -0.77001  -1.12791
 129.36240    0.35977   0.34058   0.23917   0.06510  -0.16660  -0.44654  -0.76807  -1.12610
 129.47658    0.36236   0.34315   0.24166   0.06747  -0.16435  -0.44442  -0.76609  -1.12427
 129.59077    0.36499   0.34577   0.24418   0.06988  -0.16207  -0.44228  -0.76408  -1.12239
 129.70495    0.36766   0.34842   0.24675   0.07233  -0.15976  -0.44010  -0.76204  -1.12049
 129.81913    0.37036   0.35111   0.24935   0.07481  -0.15741  -0.43788  -0.75996  -1.11855
 129.93331    0.37310   0.35383   0.25198   0.07732  -0.15502  -0.43563  -0.75785  -1.11658
 130.04749    0.37588   0.35659   0.25465   0.07987  -0.15260  -0.43335  -0.75571  -1.11458
 130.16168    0.37870   0.35939   0.25736   0.08246  -0.15015  -0.43103  -0.75353  -1.11254
 130.27586    0.38155   0.36223   0.26010   0.08508  -0.14766  -0.42869  -0.75132  -1.11048
 130.39004    0.38444   0.36510   0.26288   0.08773  -0.14514  -0.42630  -0.74908  -1.10838
 130.50422    0.38736   0.36801   0.26569   0.09042  -0.14259  -0.42389  -0.74681  -1.10625
 130.61841    0.39032   0.37095   0.26854   0.09314  -0.14000  -0.42144  -0.74450  -1.10409
 130.73259    0.39332   0.37393   0.27142   0.09590  -0.13738  -0.41896  -0.74217  -1.10190
 130.84677    0.39636   0.37695   0.27434   0.09869  -0.13472  -0.41644  -0.73980  -1.09967
 130.96095    0.39943   0.38000   0.27729   0.10152  -0.13204  -0.41390  -0.73740  -1.09742
 131.07513    0.40253   0.38308   0.28028   0.10437  -0.12931  -0.41132  -0.73496  -1.09513
 131.18932    0.40567   0.38620   0.28330   0.10727  -0.12656  -0.40871  -0.73250  -1.09282
 131.30350    0.40885   0.38936   0.28636   0.11019  -0.12378  -0.40607  -0.73001  -1.09047
 131.41768    0.41206   0.39254   0.28944   0.11315  -0.12096  -0.40340  -0.72748  -1.08810
 131.53186    0.41531   0.39577   0.29257   0.11614  -0.11811  -0.40069  -0.72492  -1.08569
 131.64605    0.41859   0.39903   0.29572   0.11916  -0.11523  -0.39796  -0.72234  -1.08325
 131.76023    0.42190   0.40232   0.29891   0.12222  -0.11231  -0.39519  -0.71972  -1.08079
 131.87441    0.42525   0.40564   0.30213   0.12531  -0.10937  -0.39240  -0.71708  -1.07829
 131.98859    0.42863   0.40900   0.30538   0.12843  -0.10639  -0.38957  -0.71440  -1.07577
 132.10277    0.43205   0.41240   0.30867   0.13158  -0.10339  -0.38671  -0.71169  -1.07322
 132.21696    0.43550   0.41582   0.31199   0.13476  -0.10035  -0.38382  -0.70896  -1.07064
 132.33114    0.43899   0.41928   0.31534   0.13798  -0.09728  -0.38090  -0.70619  -1.06803
 132.44532    0.44251   0.42278   0.31873   0.14122  -0.09418  -0.37795  -0.70340  -1.06539
 132.55950    0.44606   0.42630   0.32214   0.14450  -0.09105  -0.37498  -0.70057  -1.06272
 132.67369    0.44964   0.42986   0.32559   0.14781  -0.08789  -0.37197  -0.69772  -1.06002
 132.78787    0.45326   0.43345   0.32907   0.15115  -0.08470  -0.36893  -0.69484  -1.05730
 132.90205    0.45691   0.43707   0.33258   0.15452  -0.08148  -0.36586  -0.69193  -1.05455
 133.01623    0.46059   0.44073   0.33612   0.15792  -0.07823  -0.36277  -0.68899  -1.05177
 133.13041    0.46431   0.44442   0.33970   0.16135  -0.07495  -0.35964  -0.68602  -1.04896
 133.24460    0.46806   0.44813   0.34330   0.16482  -0.07164  -0.35649  -0.68303  -1.04613
 133.35878    0.47184   0.45188   0.34694   0.16831  -0.06830  -0.35331  -0.68000  -1.04326
 133.47296    0.47565   0.45567   0.35060   0.17183  -0.06493  -0.35010  -0.67695  -1.04037
 133.58714    0.47949   0.45948   0.35430   0.17538  -0.06153  -0.34686  -0.67388  -1.03746
 133.70133    0.48337   0.46332   0.35802   0.17896  -0.05810  -0.34359  -0.67077  -1.03452
 133.81551    0.48727   0.46720   0.36178   0.18257  -0.05465  -0.34029  -0.66764  -1.03155
 133.92969    0.49121   0.47111   0.36557   0.18621  -0.05116  -0.33697  -0.66448  -1.02855
 134.04387    0.49518   0.47504   0.36939   0.18988  -0.04765  -0.33362  -0.66129  -1.02553
 134.15805    0.49918   0.47901   0.37323   0.19358  -0.04411  -0.33024  -0.65807  -1.02248
 134.27224    0.50321   0.48301   0.37711   0.19731  -0.04054  -0.32683  -0.65483  -1.01940
 134.38642    0.50727   0.48704   0.38101   0.20106  -0.03695  -0.32340  -0.65156  -1.01630
 134.50060    0.51136   0.49109   0.38495   0.20485  -0.03332  -0.31994  -0.64827  -1.01318
 134.61478    0.51548   0.49518   0.38891   0.20866  -0.02967  -0.31645  -0.64495  -1.01002
 134.72897    0.51963   0.49930   0.39290   0.21250  -0.02599  -0.31294  -0.64160  -1.00685
 134.84315    0.52381   0.50344   0.39693   0.21637  -0.02229  -0.30940  -0.63823  -1.00364
 134.95733    0.52803   0.50762   0.40098   0.22026  -0.01855  -0.30583  -0.63483  -1.00042
 135.07151    0.53227   0.51183   0.40505   0.22419  -0.01479  -0.30224  -0.63141  -0.99716
 135.18569    0.53654   0.51606   0.40916   0.22814  -0.01100  -0.29862  -0.62796  -0.99389
 135.29988    0.54084   0.52032   0.41330   0.23212  -0.00719  -0.29497  -0.62448  -0.99058
 135.41406    0.54517   0.52462   0.41746   0.23612  -0.00335  -0.29130  -0.62098  -0.98726
 135.52824    0.54952   0.52894   0.42165   0.24016   0.00052  -0.28760  -0.61746  -0.98391
 135.64242    0.55391   0.53329   0.42587   0.24422   0.00441  -0.28388  -0.61391  -0.98053
 135.75661    0.55833   0.53767   0.43011   0.24831   0.00833  -0.28013  -0.61033  -0.97713
 135.87079    0.56277   0.54207   0.43439   0.25242   0.01228  -0.27636  -0.60673  -0.97371
 135.98497    0.56724   0.54650   0.43869   0.25656   0.01625  -0.27256  -0.60311  -0.97026
 136.09915    0.57175   0.55097   0.44302   0.26073   0.02025  -0.26873  -0.59946  -0.96679
 136.21333    0.57627   0.55546   0.44737   0.26492   0.02427  -0.26488  -0.59579  -0.96329
 136.32752    0.58083   0.55997   0.45175   0.26914   0.02832  -0.26101  -0.59209  -0.95977
 136.44170    0.58542   0.56452   0.45616   0.27339   0.03240  -0.25711  -0.58837  -0.95623
 136.55588    0.59003   0.56909   0.46060   0.27766   0.03650  -0.25319  -0.58463  -0.95267
 136.67006    0.59467   0.57369   0.46506   0.28195   0.04062  -0.24924  -0.58086  -0.94908
 136.78425    0.59934   0.57831   0.46955   0.28628   0.04477  -0.24527  -0.57707  -0.94547
 136.89843    0.60403   0.58297   0.47406   0.29063   0.04894  -0.24127  -0.57325  -0.94184
 137.01261    0.60875   0.58765   0.47860   0.29500   0.05314  -0.23726  -0.56941  -0.93818
 137.12679    0.61350   0.59235   0.48316   0.29940   0.05736  -0.23321  -0.56555  -0.93450
 137.24097    0.61828   0.59709   0.48776   0.30382   0.06161  -0.22914  -0.56167  -0.93080
 137.35516    0.62308   0.60185   0.49237   0.30827   0.06588  -0.22505  -0.55776  -0.92708
 137.46934    0.62791   0.60663   0.49702   0.31274   0.07018  -0.22094  -0.55383  -0.92333
 137.58352    0.63277   0.61144   0.50168   0.31724   0.07450  -0.21680  -0.54988  -0.91957
 137.69770    0.63765   0.61628   0.50638   0.32176   0.07884  -0.21264  -0.54590  -0.91578
 137.81189    0.64256   0.62114   0.51109   0.32631   0.08321  -0.20846  -0.54190  -0.91197
 137.92607    0.64749   0.62603   0.51584   0.33088   0.08760  -0.20425  -0.53788  -0.90814
 138.04025    0.65245   0.63094   0.52060   0.33547   0.09201  -0.20002  -0.53384  -0.90428
 138.15443    0.65744   0.63588   0.52540   0.34009   0.09645  -0.19577  -0.52978  -0.90041
 138.26861    0.66245   0.64085   0.53021   0.34473   0.10091  -0.19150  -0.52569  -0.89651
 138.38280    0.66748   0.64584   0.53505   0.34940   0.10539  -0.18720  -0.52159  -0.89259
 138.49698    0.67255   0.65085   0.53992   0.35409   0.10990  -0.18288  -0.51746  -0.88866
 138.61116    0.67763   0.65589   0.54481   0.35880   0.11443  -0.17854  -0.51331  -0.88470
 138.72534    0.68274   0.66095   0.54972   0.36354   0.11898  -0.17418  -0.50913  -0.88072
 138.83953    0.68788   0.66604   0.55466   0.36830   0.12355  -0.16980  -0.50494  -0.87672
 138.95371    0.69304   0.67116   0.55962   0.37308   0.12815  -0.16539  -0.50073  -0.87270
 139.06789    0.69823   0.67629   0.56460   0.37789   0.13277  -0.16096  -0.49649  -0.86866
 139.18207    0.70344   0.68145   0.56961   0.38272   0.13741  -0.15651  -0.49224  -0.86460
 139.29625    0.70868   0.68664   0.57464   0.38757   0.14207  -0.15204  -0.48796  -0.86052
 139.41044    0.71394   0.69185   0.57970   0.39244   0.14676  -0.14755  -0.48366  -0.85641
 139.52462    0.71922   0.69708   0.58477   0.39734   0.15146  -0.14304  -0.47934  -0.85229
 139.63880    0.72453   0.70234   0.58987   0.40225   0.15619  -0.13850  -0.47501  -0.84815
 139.75298    0.72986   0.70762   0.59500   0.40719   0.16094  -0.13395  -0.47065  -0.84399
 139.86717    0.73522   0.71292   0.60014   0.41216   0.16571  -0.12937  -0.46627  -0.83981
 139.98135    0.74060   0.71825   0.60531   0.41714   0.17050  -0.12477  -0.46187  -0.83561
 140.09553    0.74600   0.72360   0.61050   0.42215   0.17532  -0.12016  -0.45745  -0.83140
 140.20971    0.75142   0.72897   0.61571   0.42718   0.18015  -0.11552  -0.45302  -0.82716
 140.32389    0.75687   0.73437   0.62095   0.43223   0.18501  -0.11086  -0.44856  -0.82290
 140.43808    0.76235   0.73979   0.62621   0.43730   0.18988  -0.10618  -0.44408  -0.81863
 140.55226    0.76784   0.74523   0.63149   0.44239   0.19478  -0.10149  -0.43958  -0.81433
 140.66644    0.77336   0.75069   0.63679   0.44750   0.19970  -0.09677  -0.43507  -0.81002
 140.78062    0.77890   0.75618   0.64211   0.45264   0.20464  -0.09203  -0.43053  -0.80569
 140.89481    0.78446   0.76169   0.64746   0.45779   0.20959  -0.08727  -0.42598  -0.80134
 141.00899    0.79005   0.76722   0.65282   0.46297   0.21457  -0.08250  -0.42141  -0.79697
 141.12317    0.79566   0.77277   0.65821   0.46816   0.21957  -0.07770  -0.41681  -0.79259

# Minimas
 122.78540    0.28205 
 122.74717    0.26276 
 122.82176    0.16483 
 122.98109   -0.00397 
 123.18087   -0.22984 
 123.40734   -0.50379 
 123.65499   -0.81935 
 123.92127   -1.17151 

