        0.000000000000000       122.785395890744724
        2.000000000000000       122.785406239116298
        4.000000000000000       122.785417726186239
        6.000000000000000       122.785429919247875
        8.000000000000000       122.785440560159742
       10.000000000000000       122.785442970728283
       12.000000000000000       122.785424627605479
       14.000000000000000       122.785368519065770
       16.000000000000000       122.785256320664402
       18.000000000000000       122.785070506966875
       20.000000000000000       122.784795895149955
       22.000000000000000       122.784420979064578
       24.000000000000000       122.783938043900349
       26.000000000000000       122.783343098486313
       28.000000000000000       122.782635793303541
       30.000000000000000       122.781818496732143
       32.000000000000000       122.780896282822155
       34.000000000000000       122.779876016116674
       36.000000000000000       122.778766106373197
       38.000000000000000       122.777576159504903
       40.000000000000000       122.776316241757598
       42.000000000000000       122.774997314794348
       44.000000000000000       122.773630126036707
       46.000000000000000       122.772225679715802
       48.000000000000000       122.770794715704511
       50.000000000000000       122.769347602650896
       52.000000000000000       122.767894452839087
       54.000000000000000       122.766444718085296
       56.000000000000000       122.765007196643069
       58.000000000000000       122.763590411374565
       60.000000000000000       122.762201926441847
       62.000000000000000       122.760848813717374
       64.000000000000000       122.759537358969567
       66.000000000000000       122.758273589201167
       68.000000000000000       122.757062221519291
       70.000000000000000       122.755908199566463
       72.000000000000000       122.754815498098949
       74.000000000000000       122.753787626138831
       76.000000000000000       122.752827374036798
       78.000000000000000       122.751937544200715
       80.000000000000000       122.751120195118403
       82.000000000000000       122.750377024152215
       84.000000000000000       122.749709492489103
       86.000000000000000       122.749118552516123
       88.000000000000000       122.748605283853848
       90.000000000000000       122.748169893137586
       92.000000000000000       122.747812630624310
       94.000000000000000       122.747534009683903
       96.000000000000000       122.747333419171397
       98.000000000000000       122.747210662333089
      100.000000000000000       122.747165545818234
      102.000000000000000       122.747197189125046
      104.000000000000000       122.747305316395057
      106.000000000000000       122.747488864943989
      108.000000000000000       122.747747062748601
      110.000000000000000       122.748078777777721
      112.000000000000000       122.748483190364738
      114.000000000000000       122.748959690559133
      116.000000000000000       122.749506593590880
      118.000000000000000       122.750122981924719
      120.000000000000000       122.750807547089778
      122.000000000000000       122.751559494783649
      124.000000000000000       122.752377499387194
      126.000000000000000       122.753260303721234
      128.000000000000000       122.754206851705078
      130.000000000000000       122.755215945503991
      132.000000000000000       122.756286167923960
      134.000000000000000       122.757416790986355
      136.000000000000000       122.758606322851890
      138.000000000000000       122.759853530001976
      140.000000000000000       122.761157730694251
      142.000000000000000       122.762517294993870
      144.000000000000000       122.763931456891882
      146.000000000000000       122.765398837265764
      148.000000000000000       122.766918792531271
      150.000000000000000       122.768489905696342
      152.000000000000000       122.770111273193535
      154.000000000000000       122.771781532901613
      156.000000000000000       122.773500421780199
      158.000000000000000       122.775266289570283
      160.000000000000000       122.777078536518914
      162.000000000000000       122.778936127572408
      164.000000000000000       122.780838332620178
      166.000000000000000       122.782784150423282
      168.000000000000000       122.784772439399362
      170.000000000000000       122.786802570167666
      172.000000000000000       122.788873932612518
      174.000000000000000       122.790985520517495
      176.000000000000000       122.793136171395943
      178.000000000000000       122.795325961154660
      180.000000000000000       122.797553452870389
      182.000000000000000       122.799818274577007
      184.000000000000000       122.802119599805877
      186.000000000000000       122.804456755500823
      188.000000000000000       122.806828760721046
      190.000000000000000       122.809235610103116
      192.000000000000000       122.811675836721491
      194.000000000000000       122.814149724268077
      196.000000000000000       122.816655941635815
      198.000000000000000       122.819194454425272
      200.000000000000000       122.821764052601409
      202.000000000000000       122.824364667676946
      204.000000000000000       122.826995662836282
      206.000000000000000       122.829656272759195
      208.000000000000000       122.832346526465514
      210.000000000000000       122.835065244072268
      212.000000000000000       122.837812283171402
      214.000000000000000       122.840586993479491
      216.000000000000000       122.843389646785596
      218.000000000000000       122.846218665489644
      220.000000000000000       122.849074293793535
      222.000000000000000       122.851955902157002
      224.000000000000000       122.854863129252749
      226.000000000000000       122.857795614315137
      228.000000000000000       122.860752743177258
      230.000000000000000       122.863734542239612
      232.000000000000000       122.866740362815008
      234.000000000000000       122.869769731118993
      236.000000000000000       122.872822229623864
      238.000000000000000       122.875898062462866
      240.000000000000000       122.878996362421475
      242.000000000000000       122.882117003322620
      244.000000000000000       122.885259348501819
      246.000000000000000       122.888423652326082
      248.000000000000000       122.891609156590064
      250.000000000000000       122.894815896251615
      252.000000000000000       122.898043345788196
      254.000000000000000       122.901291120899643
      256.000000000000000       122.904559296726575
      258.000000000000000       122.907847375340793
      260.000000000000000       122.911155054379137
      262.000000000000000       122.914482207409463
      264.000000000000000       122.917828352460020
      266.000000000000000       122.921193629906327
      268.000000000000000       122.924577510467827
      270.000000000000000       122.927979845579031
      272.000000000000000       122.931400430526409
      274.000000000000000       122.934839122057369
      276.000000000000000       122.938295413028882
      278.000000000000000       122.941769385775842
      280.000000000000000       122.945260434758069
      282.000000000000000       122.948769027519447
      284.000000000000000       122.952294672315858
      286.000000000000000       122.955836828547831
      288.000000000000000       122.959395758718443
      290.000000000000000       122.962971001870528
      292.000000000000000       122.966562322905617
      294.000000000000000       122.970169883402221
      296.000000000000000       122.973793217153016
      298.000000000000000       122.977432338893124
      300.000000000000000       122.981086969709565
      302.000000000000000       122.984757027257459
      304.000000000000000       122.988442498806876
      306.000000000000000       122.992142939281834
      308.000000000000000       122.995858028861193
      310.000000000000000       122.999588260933223
      312.000000000000000       123.003333110354603
      314.000000000000000       123.007092350529206
      316.000000000000000       123.010865639486269
      318.000000000000000       123.014653730799225
      320.000000000000000       123.018455886586253
      322.000000000000000       123.022271611169458
      324.000000000000000       123.026101491787742
      326.000000000000000       123.029944819854521
      328.000000000000000       123.033802000290933
      330.000000000000000       123.037672476704572
      332.000000000000000       123.041556568371448
      334.000000000000000       123.045453867519768
      336.000000000000000       123.049364257003859
      338.000000000000000       123.053287588269896
      340.000000000000000       123.057223880720542
      342.000000000000000       123.061173220337551
      344.000000000000000       123.065134969521395
      346.000000000000000       123.069109526390207
      348.000000000000000       123.073096497918826
      350.000000000000000       123.077095724027998
      352.000000000000000       123.081107729455084
      354.000000000000000       123.085131689073251
      356.000000000000000       123.089168032011415
      358.000000000000000       123.093216423908416
      360.000000000000000       123.097276473550210
      362.000000000000000       123.101348470514580
      364.000000000000000       123.105432458923289
      366.000000000000000       123.109527925872158
      368.000000000000000       123.113635252898561
      370.000000000000000       123.117754114492655
      372.000000000000000       123.121884321923744
      374.000000000000000       123.126026064759344
      376.000000000000000       123.130178858393322
      378.000000000000000       123.134343261200598
      380.000000000000000       123.138518502551875
      382.000000000000000       123.142705128578356
      384.000000000000000       123.146902718421700
      386.000000000000000       123.151111320136920
      388.000000000000000       123.155330768207847
      390.000000000000000       123.159560908250896
      392.000000000000000       123.163801970587429
      394.000000000000000       123.168053561530556
      396.000000000000000       123.172316061011728
      398.000000000000000       123.176588991451780
      400.000000000000000       123.180872379900293
      402.000000000000000       123.185166418635959
      404.000000000000000       123.189470684066933
      406.000000000000000       123.193785174637171
      408.000000000000000       123.198110099572929
      410.000000000000000       123.202445345607387
      412.000000000000000       123.206790644927565
      414.000000000000000       123.211146104933817
      416.000000000000000       123.215511340463692
      418.000000000000000       123.219886839809988
      420.000000000000000       123.224272299214689
      422.000000000000000       123.228667685053679
      424.000000000000000       123.233072804188311
      426.000000000000000       123.237487905201860
      428.000000000000000       123.241912577566836
      430.000000000000000       123.246346937726543
      432.000000000000000       123.250791244288592
      434.000000000000000       123.255244728867453
      436.000000000000000       123.259708036209346
      438.000000000000000       123.264180882083394
      440.000000000000000       123.268663224568144
      442.000000000000000       123.273154731178138
      444.000000000000000       123.277655843852031
      446.000000000000000       123.282166244358919
      448.000000000000000       123.286686088526295
      450.000000000000000       123.291215009136067
      452.000000000000000       123.295753298789847
      454.000000000000000       123.300300722824304
      456.000000000000000       123.304857310195416
      458.000000000000000       123.309422869328145
      460.000000000000000       123.313997535862640
      462.000000000000000       123.318581474953945
      464.000000000000000       123.323174060166323
      466.000000000000000       123.327775846185432
      468.000000000000000       123.332386495662348
      470.000000000000000       123.337005993095971
      472.000000000000000       123.341634317678782
      474.000000000000000       123.346271643964613
      476.000000000000000       123.350917400581992
      478.000000000000000       123.355572239988717
      480.000000000000000       123.360235652517417
      482.000000000000000       123.364907781981216
      484.000000000000000       123.369588565786472
      486.000000000000000       123.374277950683847
      488.000000000000000       123.378975933691962
      490.000000000000000       123.383682525332489
      492.000000000000000       123.388397649610980
      494.000000000000000       123.393121122507608
      496.000000000000000       123.397853345824672
      498.000000000000000       123.402593558785398
      500.000000000000000       123.407342561459103
      502.000000000000000       123.412099888428088
      504.000000000000000       123.416865618050636
      506.000000000000000       123.421639623063044
      508.000000000000000       123.426421868547237
      510.000000000000000       123.431212412692474
      512.000000000000000       123.436011218676029
      514.000000000000000       123.440818284322901
      516.000000000000000       123.445633403618643
      518.000000000000000       123.450456977840076
      520.000000000000000       123.455288532349243
      522.000000000000000       123.460128358360663
      524.000000000000000       123.464976186647277
      526.000000000000000       123.469831890884763
      528.000000000000000       123.474695855852204
      530.000000000000000       123.479567915247472
      532.000000000000000       123.484447846625599
      534.000000000000000       123.489335898542052
      536.000000000000000       123.494231759903712
      538.000000000000000       123.499136042895174
      540.000000000000000       123.504047430609674
      542.000000000000000       123.508967380042662
      544.000000000000000       123.513895084825933
      546.000000000000000       123.518830372075683
      548.000000000000000       123.523773415239518
      550.000000000000000       123.528724893175877
      552.000000000000000       123.533683936506577
      554.000000000000000       123.538650659847150
      556.000000000000000       123.543625230903785
      558.000000000000000       123.548607480323810
      560.000000000000000       123.553597371430953
      562.000000000000000       123.558594984158873
      564.000000000000000       123.563600654562407
      566.000000000000000       123.568613648162454
      568.000000000000000       123.573634471701709
      570.000000000000000       123.578662781900874
      572.000000000000000       123.583698642073713
      574.000000000000000       123.588742420212924
      576.000000000000000       123.593793491732669
      578.000000000000000       123.598852583850146
      580.000000000000000       123.603918868414496
      582.000000000000000       123.608992966112311
      584.000000000000000       123.614073935424770
      586.000000000000000       123.619162898367662
      588.000000000000000       123.624259543801713
      590.000000000000000       123.629363288226983
      592.000000000000000       123.634474921507049
      594.000000000000000       123.639593604481874
      596.000000000000000       123.644720072529836
      598.000000000000000       123.649854055046461
      600.000000000000000       123.654994934427918
      602.000000000000000       123.660143753273829
      604.000000000000000       123.665299305987133
      606.000000000000000       123.670463018277644
      608.000000000000000       123.675633931361460
      610.000000000000000       123.680811543397269
      612.000000000000000       123.685996913093874
      614.000000000000000       123.691189596400520
      616.000000000000000       123.696389604945963
      618.000000000000000       123.701596790654833
      620.000000000000000       123.706811536228784
      622.000000000000000       123.712033942613374
      624.000000000000000       123.717263219345440
      626.000000000000000       123.722499249673675
      628.000000000000000       123.727743503068297
      630.000000000000000       123.732994226272893
      632.000000000000000       123.738252031839707
      634.000000000000000       123.743517821740738
      636.000000000000000       123.748790452052887
      638.000000000000000       123.754070046875015
      640.000000000000000       123.759357051900750
      642.000000000000000       123.764651641973998
      644.000000000000000       123.769952894613184
      646.000000000000000       123.775261123472774
      648.000000000000000       123.780577223549145
      650.000000000000000       123.785900521600766
      652.000000000000000       123.791230797688740
      654.000000000000000       123.796567012900738
      656.000000000000000       123.801911624159104
      658.000000000000000       123.807262850675500
      660.000000000000000       123.812621529615512
      662.000000000000000       123.817987072539808
      664.000000000000000       123.823359525531870
      666.000000000000000       123.828739026830178
      668.000000000000000       123.834125628277079
      670.000000000000000       123.839519891270399
      672.000000000000000       123.844921405201532
      674.000000000000000       123.850329451669580
      676.000000000000000       123.855743454084063
      678.000000000000000       123.861165970545272
      680.000000000000000       123.866595480013899
      682.000000000000000       123.872031640847638
      684.000000000000000       123.877474417946786
      686.000000000000000       123.882925041430696
      688.000000000000000       123.888381939156119
      690.000000000000000       123.893845668926105
      692.000000000000000       123.899317245156709
      694.000000000000000       123.904795137486829
      696.000000000000000       123.910281093565487
      698.000000000000000       123.915772723906457
      700.000000000000000       123.921272202143570
      702.000000000000000       123.926778223363542
      704.000000000000000       123.932291529541445
      706.000000000000000       123.937811315050638
      708.000000000000000       123.943338411552176
      710.000000000000000       123.948872721135444
      712.000000000000000       123.954413318412847
      714.000000000000000       123.959962074383711
      716.000000000000000       123.965515791983364
      718.000000000000000       123.971077451602724
      720.000000000000000       123.976646178879705
      722.000000000000000       123.982222209429239
      724.000000000000000       123.987805086903435
      726.000000000000000       123.993394608766991
      728.000000000000000       123.998991320924944
      730.000000000000000       124.004594825093037
      732.000000000000000       124.010204565914222
      734.000000000000000       124.015822085895948
      736.000000000000000       124.021446082784607
      738.000000000000000       124.027077092337052
      740.000000000000000       124.032715008733305
      742.000000000000000       124.038359713841729
      744.000000000000000       124.044011289468997
      746.000000000000000       124.049670590655111
      748.000000000000000       124.055336173614563
      750.000000000000000       124.061008793699287
      752.000000000000000       124.066687135396705
      754.000000000000000       124.072374028277778
      756.000000000000000       124.078067485864395
      758.000000000000000       124.083767442630460
      760.000000000000000       124.089473625316245
      762.000000000000000       124.095187133792479
      764.000000000000000       124.100910101420681
      766.000000000000000       124.106636398277345
      768.000000000000000       124.112370242675141
      770.000000000000000       124.118112888236809
      772.000000000000000       124.123860413379020
      774.000000000000000       124.129615944208254
      776.000000000000000       124.135377381874306
      778.000000000000000       124.141146869611347
      780.000000000000000       124.146922521580024
      782.000000000000000       124.152705447723292
      784.000000000000000       124.158496388395008
      786.000000000000000       124.164289696486222
      788.000000000000000       124.170094461684144
      790.000000000000000       124.175904793272252
      792.000000000000000       124.181721205416949
      794.000000000000000       124.187545675130664
      796.000000000000000       124.193376949177605
      798.000000000000000       124.199214570388321
