   0.000000000000000        84.550621661092947
   2.000000000000000        84.550523333447472
   4.000000000000000        84.550414726035712
   6.000000000000000        84.550300382736523
   8.000000000000000        84.550182849295481
  10.000000000000000        84.550061789440747
  12.000000000000000        84.549935508317887
  14.000000000000000        84.549798459722908
  16.000000000000000        84.549646133019607
  18.000000000000000        84.549465819238080
  20.000000000000000        84.549243234388911
  22.000000000000000        84.548959982228524
  24.000000000000000        84.548600454921612
  26.000000000000000        84.548148759047706
  28.000000000000000        84.547588284606931
  30.000000000000000        84.546909096172683
  32.000000000000000        84.546100734769766
  34.000000000000000        84.545158273023986
  36.000000000000000        84.544075546160983
  38.000000000000000        84.542849979930594
  40.000000000000000        84.541480785331160
  42.000000000000000        84.539967438909684
  44.000000000000000        84.538309918723314
  46.000000000000000        84.536510381795608
  48.000000000000000        84.534567742521787
  50.000000000000000        84.532485153991658
  52.000000000000000        84.530261643442358
  54.000000000000000        84.527898558408467
  56.000000000000000        84.525396025363023
  58.000000000000000        84.522752841464467
  60.000000000000000        84.519971467460110
  62.000000000000000        84.517048026383677
  64.000000000000000        84.513983416948406
  66.000000000000000        84.510775965247987
  68.000000000000000        84.507426729000230
  70.000000000000000        84.503932819571830
  72.000000000000000        84.500292976081383
  74.000000000000000        84.496506150265731
  76.000000000000000        84.492572055127013
  78.000000000000000        84.488488805148478
  80.000000000000000        84.484255145927108
  82.000000000000000        84.479873056974441
  84.000000000000000        84.475338864997411
  86.000000000000000        84.470654220847948
  88.000000000000000        84.465817675241567
  90.000000000000000        84.460831449635435
  92.000000000000000        84.455693357618301
  94.000000000000000        84.450404513649133
  96.000000000000000        84.444968437805969
  98.000000000000000        84.439382878614680
 100.000000000000000        84.433650407158993
 102.000000000000000        84.427772691173942
 104.000000000000000        84.421751043838427
 106.000000000000000        84.415586351047452
 108.000000000000000        84.409282003622153
 110.000000000000000        84.402839406478904
 112.000000000000000        84.396260760021462
 114.000000000000000        84.389548324575713
 116.000000000000000        84.382703661566296
 118.000000000000000        84.375730530261450
 120.000000000000000        84.368630676334831
 122.000000000000000        84.361407288341240
 124.000000000000000        84.354062214230282
 126.000000000000000        84.346599047288919
 128.000000000000000        84.339019651082509
 130.000000000000000        84.331328734656211
 132.000000000000000        84.323525404924581
 134.000000000000000        84.315615609670971
 136.000000000000000        84.307600801966217
 138.000000000000000        84.299483338132816
 140.000000000000000        84.291267644007391
 142.000000000000000        84.282953908297984
 144.000000000000000        84.274547109288605
 146.000000000000000        84.266048329553811
 148.000000000000000        84.257461432864801
 150.000000000000000        84.248787592064900
 152.000000000000000        84.240029976192815
 154.000000000000000        84.231191866917385
 156.000000000000000        84.222274799767177
 158.000000000000000        84.213280833577940
 160.000000000000000        84.204213413970876
 162.000000000000000        84.195073331509221
 164.000000000000000        84.185864294468630
 166.000000000000000        84.176587836899813
 168.000000000000000        84.167246318260709
 170.000000000000000        84.157840355084659
 172.000000000000000        84.148373844166343
 174.000000000000000        84.138848276990927
 176.000000000000000        84.129264549320112
 178.000000000000000        84.119626015756779
 180.000000000000000        84.109933437235682
 182.000000000000000        84.100188917114693
 184.000000000000000        84.090393656651301
 186.000000000000000        84.080550542801291
 188.000000000000000        84.070660059227379
 190.000000000000000        84.060723810134164
 192.000000000000000        84.050743808246651
 194.000000000000000        84.040721261827301
 196.000000000000000        84.030657554639646
 198.000000000000000        84.020554037695277
 200.000000000000000        84.010411895916761
 202.000000000000000        84.000233263470193
 204.000000000000000        83.990018452944469
 206.000000000000000        83.979768401690734
 208.000000000000000        83.969485855586868
 210.000000000000000        83.959170374612796
 212.000000000000000        83.948823582614466
 214.000000000000000        83.938446291107581
 216.000000000000000        83.928040101309264
 218.000000000000000        83.917605697991419
 220.000000000000000        83.907143394641153
 222.000000000000000        83.896655191637777
 224.000000000000000        83.886141746128018
 226.000000000000000        83.875603864694114
 228.000000000000000        83.865041675570978
 230.000000000000000        83.854456777423209
 232.000000000000000        83.843849845050997
 234.000000000000000        83.833221646631017
 236.000000000000000        83.822572546196099
 238.000000000000000        83.811903543847791
 240.000000000000000        83.801215024287984
 242.000000000000000        83.790508554934107
 244.000000000000000        83.779783545873613
 246.000000000000000        83.769041011163992
 248.000000000000000        83.758282281474266
 250.000000000000000        83.747507543674459
 252.000000000000000        83.736716489790354
 254.000000000000000        83.725911088476906
 256.000000000000000        83.715090490362513
 258.000000000000000        83.704255918044410
 260.000000000000000        83.693408472061606
 262.000000000000000        83.682547478322718
 264.000000000000000        83.671673514979943
 266.000000000000000        83.660788193941329
 268.000000000000000        83.649890576427751
 270.000000000000000        83.638982068937921
 272.000000000000000        83.628062167935212
 274.000000000000000        83.617132174869681
 276.000000000000000        83.606191571686963
 278.000000000000000        83.595241605060323
 280.000000000000000        83.584282129387773
 282.000000000000000        83.573312979619772
 284.000000000000000        83.562336216363391
 286.000000000000000        83.551350263053962
 288.000000000000000        83.540355863828282
 290.000000000000000        83.529354261621094
 292.000000000000000        83.518345049860216
 294.000000000000000        83.507328561318957
 296.000000000000000        83.496304989223745
 298.000000000000000        83.485274433528119
 300.000000000000000        83.474237399793509
 302.000000000000000        83.463194572051123
 304.000000000000000        83.452145794347459
 306.000000000000000        83.441091291380303
 308.000000000000000        83.430030711533689
 310.000000000000000        83.418965180397137
 312.000000000000000        83.407894428524799
 314.000000000000000        83.396818479269427
 316.000000000000000        83.385739391216759
 318.000000000000000        83.374653732936537
 320.000000000000000        83.363565060857809
 322.000000000000000        83.352471873030652
 324.000000000000000        83.341374734666005
 326.000000000000000        83.330273566142623
 328.000000000000000        83.319168935823072
 330.000000000000000        83.308060691025290
 332.000000000000000        83.296949144124923
 334.000000000000000        83.285834747816281
 336.000000000000000        83.274718115011581
 338.000000000000000        83.263596547228161
 340.000000000000000        83.252473779629497
 342.000000000000000        83.241348552137140
 344.000000000000000        83.230220626327593
 346.000000000000000        83.219089703557245
 348.000000000000000        83.207957087621423
 350.000000000000000        83.196821882632676
 352.000000000000000        83.185685264745231
 354.000000000000000        83.174546991457376
 356.000000000000000        83.163406925963386
 358.000000000000000        83.152263953448056
 360.000000000000000        83.141120089524790
 362.000000000000000        83.129975147649503
 364.000000000000000        83.118828377197929
 366.000000000000000        83.107681929043196
 368.000000000000000        83.096531978335690
 370.000000000000000        83.085381446686085
 372.000000000000000        83.074231346311265
 374.000000000000000        83.063078211499217
 376.000000000000000        83.051926136981933
 378.000000000000000        83.040772450180910
 380.000000000000000        83.029617681227421
 382.000000000000000        83.018463276887744
 384.000000000000000        83.007307394644542
 386.000000000000000        82.996151385591332
 388.000000000000000        82.984995637523539
 390.000000000000000        82.973837972240162
 392.000000000000000        82.962681093136339
 394.000000000000000        82.951523543006402
 396.000000000000000        82.940367283632924
 398.000000000000000        82.929209631177031
 400.000000000000000        82.918052834113453
 402.000000000000000        82.906894619636290
 404.000000000000000        82.895737294881229
 406.000000000000000        82.884580955537544
 408.000000000000000        82.873423293516780
 410.000000000000000        82.862265903487440
 412.000000000000000        82.851110312422250
 414.000000000000000        82.839953412302407
 416.000000000000000        82.828798671983876
 418.000000000000000        82.817644173409079
 420.000000000000000        82.806488751176147
 422.000000000000000        82.795333238044734
 424.000000000000000        82.784180018947168
 426.000000000000000        82.773027128427742
 428.000000000000000        82.761874461275141
 430.000000000000000        82.750723320656263
 432.000000000000000        82.739570836606390
 434.000000000000000        82.728422321675509
 436.000000000000000        82.717272349730194
 438.000000000000000        82.706121585780579
 440.000000000000000        82.694974955507206
 442.000000000000000        82.683827361941198
 444.000000000000000        82.672681568012990
 446.000000000000000        82.661537422543603
 448.000000000000000        82.650392151056167
 450.000000000000000        82.639249040699198
 452.000000000000000        82.628107986929692
 454.000000000000000        82.616966636388511
 456.000000000000000        82.605825945848281
 458.000000000000000        82.594688236459689
 460.000000000000000        82.583549928016922
 462.000000000000000        82.572413085971363
 464.000000000000000        82.561279014330495
 466.000000000000000        82.550143911518234
 468.000000000000000        82.539010517461094
 470.000000000000000        82.527878588772069
 472.000000000000000        82.516750265907987
 474.000000000000000        82.505619591797483
 476.000000000000000        82.494493673982817
 478.000000000000000        82.483366846536896
 480.000000000000000        82.472240862743632
 482.000000000000000        82.461117398862001
 484.000000000000000        82.449997386712596
 486.000000000000000        82.438877057296324
 488.000000000000000        82.427758473468998
 490.000000000000000        82.416638961820567
 492.000000000000000        82.405524077407975
 494.000000000000000        82.394409502747607
 496.000000000000000        82.383295154465003
 498.000000000000000        82.372183954036387
 500.000000000000000        82.361074537266575
 502.000000000000000        82.349968028112258
 504.000000000000000        82.338859019150092
 506.000000000000000        82.327753399067973
 508.000000000000000        82.316650929737122
 510.000000000000000        82.305548596248471
 512.000000000000000        82.294446708365257
 514.000000000000000        82.283349294275411
 516.000000000000000        82.272253792552661
 518.000000000000000        82.261157226553053
 520.000000000000000        82.250065253054004
 522.000000000000000        82.238971294788470
 524.000000000000000        82.227882184636812
 526.000000000000000        82.216793275597922
 528.000000000000000        82.205706098612211
 530.000000000000000        82.194621027069772
 532.000000000000000        82.183538647091197
 534.000000000000000        82.172458564100708
 536.000000000000000        82.161376534123235
 538.000000000000000        82.150300242576492
 540.000000000000000        82.139226349707855
 542.000000000000000        82.128150452100598
 544.000000000000000        82.117080443311750
 546.000000000000000        82.106009769398057
 548.000000000000000        82.094941611563769
 550.000000000000000        82.083874643650816
 552.000000000000000        82.072810385112518
 554.000000000000000        82.061747495851961
 556.000000000000000        82.050686959736112
 558.000000000000000        82.039627154125924
 560.000000000000000        82.028571415301272
 562.000000000000000        82.017514966797819
 564.000000000000000        82.006462705337427
 566.000000000000000        81.995410551429302
 568.000000000000000        81.984363811116722
 570.000000000000000        81.973314643867710
 572.000000000000000        81.962269239824522
 574.000000000000000        81.951226428703038
 576.000000000000000        81.940183339855281
 578.000000000000000        81.929144950745368
 580.000000000000000        81.918107076223833
 582.000000000000000        81.907072186700233
 584.000000000000000        81.896040752446837
 586.000000000000000        81.885007655330170
 588.000000000000000        81.873980019109112
 590.000000000000000        81.862950192972718
 592.000000000000000        81.851924508166945
 594.000000000000000        81.840901537324442
 596.000000000000000        81.829882752636294
 598.000000000000000        81.818864586217870
 600.000000000000000        81.807844991005240
 602.000000000000000        81.796828684740092
 604.000000000000000        81.785817050784956
 606.000000000000000        81.774805364869579
 608.000000000000000        81.763797333955011
 610.000000000000000        81.752790476620049
 612.000000000000000        81.741786452872105
 614.000000000000000        81.730782215096539
 616.000000000000000        81.719781549056364
 618.000000000000000        81.708781479612526
 620.000000000000000        81.697786376324515
 622.000000000000000        81.686789973780677
 624.000000000000000        81.675801444141030
 626.000000000000000        81.664807954202146
 628.000000000000000        81.653822103730974
 630.000000000000000        81.642836875031193
 632.000000000000000        81.631854185591166
 634.000000000000000        81.620869243790779
 636.000000000000000        81.609891037519077
 638.000000000000000        81.598913886294085
 640.000000000000000        81.587940251285872
 642.000000000000000        81.576961551731486
 644.000000000000000        81.565995017736640
 646.000000000000000        81.555024746137605
 648.000000000000000        81.544055333404643
 650.000000000000000        81.533095018086883
 652.000000000000000        81.522133943552177
 654.000000000000000        81.511172100526778
 656.000000000000000        81.500215562603202
 658.000000000000000        81.489255026496892
 660.000000000000000        81.478302195154498
 662.000000000000000        81.467351077002576
 664.000000000000000        81.456400100919709
 666.000000000000000        81.445453334445546
 668.000000000000000        81.434511689461999
 670.000000000000000        81.423570169055253
 672.000000000000000        81.412625703372328
 674.000000000000000        81.401688508945227
 676.000000000000000        81.390753059655523
 678.000000000000000        81.379817726514844
 680.000000000000000        81.368884775105528
 682.000000000000000        81.357953856196005
 684.000000000000000        81.347028505580340
 686.000000000000000        81.336104211103489
 688.000000000000000        81.325181491207914
 690.000000000000000        81.314258743879392
 692.000000000000000        81.303341580531026
 694.000000000000000        81.292423584635785
 696.000000000000000        81.281508700791179
 698.000000000000000        81.270598037900385
 700.000000000000000        81.259687335761868
 702.000000000000000        81.248780033887684
 704.000000000000000        81.237875725850770
 706.000000000000000        81.226973415107125
 708.000000000000000        81.216071117738977
 710.000000000000000        81.205174466850337
 712.000000000000000        81.194275286829679
 714.000000000000000        81.183381832123843
 716.000000000000000        81.172492720363721
 718.000000000000000        81.161600279941098
 720.000000000000000        81.150713226413316
 722.000000000000000        81.139828011094792
 724.000000000000000        81.128942154585573
 726.000000000000000        81.118064577349557
 728.000000000000000        81.107184222942621
 730.000000000000000        81.096311693187175
 732.000000000000000        81.085434493509865
 734.000000000000000        81.074562934947295
 736.000000000000000        81.063693668612899
 738.000000000000000        81.052826310905090
 740.000000000000000        81.041962388322773
 742.000000000000000        81.031096869343017
 744.000000000000000        81.020234915921861
 746.000000000000000        81.009380192839245
 748.000000000000000        80.998521971439501
 750.000000000000000        80.987670514052567
 752.000000000000000        80.976817922599324
 754.000000000000000        80.965969807936460
 756.000000000000000        80.955120178413395
 758.000000000000000        80.944279609981805
 760.000000000000000        80.933433907598200
 762.000000000000000        80.922594129395719
 764.000000000000000        80.911757669495401
 766.000000000000000        80.900922391206677
 768.000000000000000        80.890087824515049
 770.000000000000000        80.879256223685118
 772.000000000000000        80.868428831749554
 774.000000000000000        80.857601314635545
 776.000000000000000        80.846776533395030
 778.000000000000000        80.835956627798524
 780.000000000000000        80.825132216165841
 782.000000000000000        80.814320469443331
 784.000000000000000        80.803502115450272
 786.000000000000000        80.792688654178605
 788.000000000000000        80.781879710784921
 790.000000000000000        80.771068962386977
 792.000000000000000        80.760265141995447
 794.000000000000000        80.749461779140333
 796.000000000000000        80.738660857003751
 798.000000000000000        80.727860372084720
 800.000000000000000        80.717066446291426
 802.000000000000000        80.706270775721592
 804.000000000000000        80.695479187866752
 806.000000000000000        80.684688433600314
 808.000000000000000        80.673899435291460
 810.000000000000000        80.663112645170784
 812.000000000000000        80.652331105457208
 814.000000000000000        80.641552509212872
 816.000000000000000        80.630772990410833
 818.000000000000000        80.619997705781003
 820.000000000000000        80.609220729074650
 822.000000000000000        80.598446145921898
 824.000000000000000        80.587682639711275
 826.000000000000000        80.576913401354489
 828.000000000000000        80.566146992321791
 830.000000000000000        80.555385900224081
 832.000000000000000        80.544626809667335
 834.000000000000000        80.533868194892236
 836.000000000000000        80.523113431721171
 838.000000000000000        80.512362427629014
 840.000000000000000        80.501610695580680
 842.000000000000000        80.490860506625978
 844.000000000000000        80.480114451842880
 846.000000000000000        80.469372714720009
 848.000000000000000        80.458628962426204
 850.000000000000000        80.447888244231066
 852.000000000000000        80.437151362793173
 854.000000000000000        80.426419263649620
 856.000000000000000        80.415684749936290
 858.000000000000000        80.404956028726531
 860.000000000000000        80.394228256629162
 862.000000000000000        80.383501142485599
 864.000000000000000        80.372775729320267
 866.000000000000000        80.362057440334496
 868.000000000000000        80.351338671015739
 870.000000000000000        80.340623725720221
 872.000000000000000        80.329908837477007
 874.000000000000000        80.319198192137904
 876.000000000000000        80.308489588087568
 878.000000000000000        80.297781087346934
 880.000000000000000        80.287073108362762
 882.000000000000000        80.276375335929643
 884.000000000000000        80.265676077412181
 886.000000000000000        80.254983769900207
 888.000000000000000        80.244282169111642
 890.000000000000000        80.233593879787009
 892.000000000000000        80.222898715399069
 894.000000000000000        80.212212136595056
 896.000000000000000        80.201523108843801
 898.000000000000000        80.190845061189890
 900.000000000000000        80.180159098463889
