   0.000000000000000    0.000000000000000
   2.000000000000000    0.000891233181224
   4.000000000000000    0.001181888940779
   6.000000000000000    0.003555587203567
   8.000000000000000    0.009491487503346
  10.000000000000000    0.020187605939671
  12.000000000000000    0.037438460034288
  14.000000000000000    0.064099972855597
  16.000000000000000    0.104409105122175
  18.000000000000000    0.163719673785672
  20.000000000000000    0.247710018797663
  22.000000000000000    0.361451809995090
  24.000000000000000    0.508692244560409
  26.000000000000000    0.691493959083115
  28.000000000000000    0.910211968296512
  30.000000000000000    1.163705662787834
  32.000000000000000    1.449674067728340
  34.000000000000000    1.765023250224113
  36.000000000000000    2.106210307339636
  38.000000000000000    2.469530948250890
  40.000000000000000    2.851341565952187
  42.000000000000000    3.248217122943392
  44.000000000000000    3.657052443891063
  46.000000000000000    4.075117351183602
  48.000000000000000    4.500076771473723
  50.000000000000000    4.929984538451971
  52.000000000000000    5.363260823243470
  54.000000000000000    5.798656865881310
  56.000000000000000    6.235215730072895
  58.000000000000000    6.672228438850218
  60.000000000000000    7.109193928982214
  62.000000000000000    7.545778819527320
  64.000000000000000    7.981779621143424
  66.000000000000000    8.417092752855327
  68.000000000000000    8.851686520344629
  70.000000000000000    9.285577390200780
  72.000000000000000    9.718809927420368
  74.000000000000000   10.151442463360890
  76.000000000000000   10.583534008798383
  78.000000000000000   11.015136013855400
  80.000000000000000   11.446284572907750
  82.000000000000000   11.876997448308842
  84.000000000000000   12.307270092399053
  86.000000000000000   12.737075068390229
  88.000000000000000   13.166361673664049
  90.000000000000000   13.595057044232840
  92.000000000000000   14.023068128564695
  94.000000000000000   14.450280875772387
  96.000000000000000   14.876566460275587
  98.000000000000000   15.301781863995940
 100.000000000000000   15.725770056419185
 102.000000000000000   16.148366215292647
 104.000000000000000   16.569398433953765
 106.000000000000000   16.988688732650619
 108.000000000000000   17.406057205300030
 110.000000000000000   17.821323113108388
 112.000000000000000   18.234306282631149
 114.000000000000000   18.644829067467672
 116.000000000000000   19.052717732111681
 118.000000000000000   19.457803077318559
 120.000000000000000   19.859922173068597
 122.000000000000000   20.258919001011954
 124.000000000000000   20.654644776695292
 126.000000000000000   21.046958617802069
 128.000000000000000   21.435728177951404
 130.000000000000000   21.820829994587729
 132.000000000000000   22.202149154581782
 134.000000000000000   22.579579535453362
 136.000000000000000   22.953024606755346
 138.000000000000000   23.322395937294200
 140.000000000000000   23.687614746786263
 142.000000000000000   24.048609833806498
 144.000000000000000   24.405319343277167
 146.000000000000000   24.757688869544861
 148.000000000000000   25.105672320039329
 150.000000000000000   25.449230523947186
 152.000000000000000   25.788332378889272
 154.000000000000000   26.122953038463610
 156.000000000000000   26.453074226490113
 158.000000000000000   26.778684415974602
 160.000000000000000   27.099777084762785
 162.000000000000000   27.416352199542466
 164.000000000000000   27.728414801789192
 166.000000000000000   28.035973368885863
 168.000000000000000   28.339042327702000
 170.000000000000000   28.637640725714338
 172.000000000000000   28.931790814013731
 174.000000000000000   29.221517235525003
 176.000000000000000   29.506849952022833
 178.000000000000000   29.787822000952765
 180.000000000000000   30.064467088467165
 182.000000000000000   30.336823448767291
 184.000000000000000   30.604931738708551
 186.000000000000000   30.868833084754201
 188.000000000000000   31.128571312634509
 190.000000000000000   31.384193502307518
 192.000000000000000   31.635745834625272
 194.000000000000000   31.883276616637769
 196.000000000000000   32.126836117996497
 198.000000000000000   32.366474705290685
 200.000000000000000   32.602244255656487
 202.000000000000000   32.834196789152280
 204.000000000000000   33.062384345369104
 206.000000000000000   33.286861924188834
 208.000000000000000   33.507682558661621
 210.000000000000000   33.724899582324575
 212.000000000000000   33.938567406342237
 214.000000000000000   34.148741136137673
 216.000000000000000   34.355474133796498
 218.000000000000000   34.558820291389104
 220.000000000000000   34.758834513029875
 222.000000000000000   34.955570017659348
 224.000000000000000   35.149080620116848
 226.000000000000000   35.339419927830150
 228.000000000000000   35.526639264587338
 230.000000000000000   35.710791841219788
 232.000000000000000   35.891931038873544
 234.000000000000000   36.070106279127472
 236.000000000000000   36.245369569423048
 238.000000000000000   36.417771975403348
 240.000000000000000   36.587362501600531
 242.000000000000000   36.754190685703421
 244.000000000000000   36.918304052547661
 246.000000000000000   37.079752584787769
 248.000000000000000   37.238583804245295
 250.000000000000000   37.394842274302135
 252.000000000000000   37.548575642911509
 254.000000000000000   37.699829131282669
 256.000000000000000   37.848647774669296
 258.000000000000000   37.995075932173414
 260.000000000000000   38.139154941049796
 262.000000000000000   38.280928848340437
 264.000000000000000   38.420441401441856
 266.000000000000000   38.557731248951143
 268.000000000000000   38.692839452282101
 270.000000000000000   38.825807209108909
 272.000000000000000   38.956672277236329
 274.000000000000000   39.085474606053019
 276.000000000000000   39.212250704060061
 278.000000000000000   39.337038795828043
 280.000000000000000   39.459875181457036
 282.000000000000000   39.580795397791185
 284.000000000000000   39.699834848038030
 286.000000000000000   39.817027669784807
 288.000000000000000   39.932409192055445
 290.000000000000000   40.046010620563450
 292.000000000000000   40.157866746893951
 294.000000000000000   40.268009014527671
 296.000000000000000   40.376465265088960
 298.000000000000000   40.483272049512500
 300.000000000000000   40.588458178649503
 302.000000000000000   40.692050739834173
 304.000000000000000   40.794080048687633
 306.000000000000000   40.894575051960175
 308.000000000000000   40.993564657735938
 310.000000000000000   41.091073865224601
 312.000000000000000   41.187129718416429
 314.000000000000000   41.281763736843629
 316.000000000000000   41.374996387640060
 318.000000000000000   41.466850460849294
 320.000000000000000   41.557358097798243
 322.000000000000000   41.646540750259511
 324.000000000000000   41.734420291074883
 326.000000000000000   41.821022431204213
 328.000000000000000   41.906368393360580
 330.000000000000000   41.990482188168109
 332.000000000000000   42.073387676263081
 334.000000000000000   42.155102836334294
 336.000000000000000   42.235644804458651
 338.000000000000000   42.315042955171471
 340.000000000000000   42.393317814759449
 342.000000000000000   42.470481363242769
 344.000000000000000   42.546557915224263
 346.000000000000000   42.621566164178020
 348.000000000000000   42.695524026008236
 350.000000000000000   42.768451088206227
 352.000000000000000   42.840368907138426
 354.000000000000000   42.911288884315894
 356.000000000000000   42.981223719610711
 358.000000000000000   43.050202345369570
 360.000000000000000   43.118239620189698
 362.000000000000000   43.185345447303099
 364.000000000000000   43.251544036670893
 366.000000000000000   43.316838117452043
 368.000000000000000   43.381248545122943
 370.000000000000000   43.444801348024711
 372.000000000000000   43.507495577325884
 374.000000000000000   43.569356856900264
 376.000000000000000   43.630399397390271
 378.000000000000000   43.690621528115166
 380.000000000000000   43.750055033896267
 382.000000000000000   43.808707012318671
 384.000000000000000   43.866588460919012
 386.000000000000000   43.923717503645378
 388.000000000000000   43.980091619310848
 390.000000000000000   44.035742937038897
 392.000000000000000   44.090679106460264
 394.000000000000000   44.144904829065503
 396.000000000000000   44.198434883007927
 398.000000000000000   44.251280143491442
 400.000000000000000   44.303450067728100
 402.000000000000000   44.354954072139677
 404.000000000000000   44.405818969932362
 406.000000000000000   44.456036620540694
 408.000000000000000   44.505618055839591
 410.000000000000000   44.554593637619739
 412.000000000000000   44.602951053179005
 414.000000000000000   44.650707143595753
 416.000000000000000   44.697879537129552
 418.000000000000000   44.744458988741322
 420.000000000000000   44.790466204479657
 422.000000000000000   44.835919726955161
 424.000000000000000   44.880822152701306
 426.000000000000000   44.925174152197073
 428.000000000000000   44.968988443200161
 430.000000000000000   45.012268119522687
 432.000000000000000   45.055039851076835
 434.000000000000000   45.097298733960635
 436.000000000000000   45.139031405019352
 438.000000000000000   45.180292215221442
 440.000000000000000   45.221065708105556
 442.000000000000000   45.261343980188038
 444.000000000000000   45.301160191296383
 446.000000000000000   45.340500207733321
 448.000000000000000   45.379382256043868
 450.000000000000000   45.417821096705822
 452.000000000000000   45.455807093053309
 454.000000000000000   45.493349764899129
 456.000000000000000   45.530470696320364
 458.000000000000000   45.567159325337187
 460.000000000000000   45.603424544190659
 462.000000000000000   45.639293156092336
 464.000000000000000   45.674743047827775
 466.000000000000000   45.709784015179274
 468.000000000000000   45.744443657154683
 470.000000000000000   45.778722412339498
 472.000000000000000   45.812599219248710
 474.000000000000000   45.846104967881431
 476.000000000000000   45.879241492659716
 478.000000000000000   45.911996332074906
 480.000000000000000   45.944401985379123
 482.000000000000000   45.976468038363620
 484.000000000000000   46.008170598591974
 486.000000000000000   46.039515735921789
 488.000000000000000   46.070514182319762
 490.000000000000000   46.101191355254223
 492.000000000000000   46.131549965557952
 494.000000000000000   46.161552038070504
 496.000000000000000   46.191246849619390
 498.000000000000000   46.220636290521966
 500.000000000000000   46.249709751347389
 502.000000000000000   46.278451690877340
 504.000000000000000   46.306894616167398
 506.000000000000000   46.335064997507523
 508.000000000000000   46.362917383939589
 510.000000000000000   46.390471141572654
 512.000000000000000   46.417759309409838
 514.000000000000000   46.444765153108172
 516.000000000000000   46.471466749755670
 518.000000000000000   46.497907142539567
 520.000000000000000   46.524065321097254
 522.000000000000000   46.549963451835403
 524.000000000000000   46.575608738828080
 526.000000000000000   46.600967902129611
 528.000000000000000   46.626083268524063
 530.000000000000000   46.650951864390365
 532.000000000000000   46.675570548450871
 534.000000000000000   46.699914573498354
 536.000000000000000   46.724031119601214
 538.000000000000000   46.747935827764685
 540.000000000000000   46.771559913924676
 542.000000000000000   46.794966333880915
 544.000000000000000   46.818144430430493
 546.000000000000000   46.841082664477412
 548.000000000000000   46.863808405873378
 550.000000000000000   46.886302914359582
 552.000000000000000   46.908584200235751
 554.000000000000000   46.930650390486100
 556.000000000000000   46.952493385748745
 558.000000000000000   46.974131991348145
 560.000000000000000   46.995561448419238
 562.000000000000000   47.016791038906064
 564.000000000000000   47.037812966054489
 566.000000000000000   47.058636646757655
 568.000000000000000   47.079257468616952
 570.000000000000000   47.099673493169306
 572.000000000000000   47.119922827682871
 574.000000000000000   47.139959550084498
 576.000000000000000   47.159819239532403
 578.000000000000000   47.179495904788169
 580.000000000000000   47.198985351431858
 582.000000000000000   47.218306966108202
 584.000000000000000   47.237420926615052
 586.000000000000000   47.256375461453359
 588.000000000000000   47.275144634720597
 590.000000000000000   47.293739859906033
 592.000000000000000   47.312203069264775
 594.000000000000000   47.330482333304282
 596.000000000000000   47.348589120104180
 598.000000000000000   47.366502651833855
 600.000000000000000   47.384259245644287
 602.000000000000000   47.401907782336977
 604.000000000000000   47.419372908220197
 606.000000000000000   47.436669054034482
 608.000000000000000   47.453825460280605
 610.000000000000000   47.470824150721128
 612.000000000000000   47.487661118141126
 614.000000000000000   47.504353117958082
 616.000000000000000   47.520905414570677
 618.000000000000000   47.537322732879353
 620.000000000000000   47.553586373147517
 622.000000000000000   47.569727699772315
 624.000000000000000   47.585703654473441
 626.000000000000000   47.601529184931934
 628.000000000000000   47.617265038605069
 630.000000000000000   47.632837563625237
 632.000000000000000   47.648246187569988
 634.000000000000000   47.663556216645503
 636.000000000000000   47.678760653202552
 638.000000000000000   47.693808660231362
 640.000000000000000   47.708691110628074
 642.000000000000000   47.723506689420184
 644.000000000000000   47.738206872246856
 646.000000000000000   47.752704990722002
 648.000000000000000   47.767165071501715
 650.000000000000000   47.781503878177702
 652.000000000000000   47.795650334613512
 654.000000000000000   47.809721734185722
 656.000000000000000   47.823658714761940
 658.000000000000000   47.837492991965583
 660.000000000000000   47.851250287167680
 662.000000000000000   47.864850894010559
 664.000000000000000   47.878354614036837
 666.000000000000000   47.891776640194351
 668.000000000000000   47.905069401923889
 670.000000000000000   47.918193906554563
 672.000000000000000   47.931265892090316
 674.000000000000000   47.944267944176012
 676.000000000000000   47.957108625344539
 678.000000000000000   47.969855336061556
 680.000000000000000   47.982513225121487
 682.000000000000000   47.995091550933878
 684.000000000000000   48.007568442629626
 686.000000000000000   48.019914283443548
 688.000000000000000   48.032162677355970
 690.000000000000000   48.044336254598008
 692.000000000000000   48.056406881957578
 694.000000000000000   48.068374989391145
 696.000000000000000   48.080273323888555
 698.000000000000000   48.092063500181098
 700.000000000000000   48.103763131810098
 702.000000000000000   48.115388057971728
 704.000000000000000   48.126916261857311
 706.000000000000000   48.138334818134737
 708.000000000000000   48.149685408124022
 710.000000000000000   48.160935813697122
 712.000000000000000   48.172111716591481
 714.000000000000000   48.183233672588109
 716.000000000000000   48.194212288470723
 718.000000000000000   48.205130605290137
 720.000000000000000   48.215994306286163
 722.000000000000000   48.226730080546574
 724.000000000000000   48.237428197949541
 726.000000000000000   48.248047348534456
 728.000000000000000   48.258576067250800
 730.000000000000000   48.269007085921466
 732.000000000000000   48.279354390681405
 734.000000000000000   48.289677620824271
 736.000000000000000   48.299889601323983
 738.000000000000000   48.310038399288075
 740.000000000000000   48.320091828180338
 742.000000000000000   48.330063349816591
 744.000000000000000   48.340032996155955
 746.000000000000000   48.349889857124353
 748.000000000000000   48.359664136460601
 750.000000000000000   48.369378272431959
 752.000000000000000   48.379016029448046
 754.000000000000000   48.388574444132644
 756.000000000000000   48.398100079521662
 758.000000000000000   48.407544863636041
 760.000000000000000   48.416888180749936
 762.000000000000000   48.426220728796523
 764.000000000000000   48.435460684882948
 766.000000000000000   48.444625632088211
 768.000000000000000   48.453730075667274
 770.000000000000000   48.462790218291978
 772.000000000000000   48.471781776402082
 774.000000000000000   48.480689364578211
 776.000000000000000   48.489569961862649
 778.000000000000000   48.498341448428732
 780.000000000000000   48.507106820733057
 782.000000000000000   48.515802188590051
 784.000000000000000   48.524380869717859
 786.000000000000000   48.532973475456494
 788.000000000000000   48.541462411413335
 790.000000000000000   48.549925444644551
 792.000000000000000   48.558332291792880
 794.000000000000000   48.566641536039413
 796.000000000000000   48.574914956441411
 798.000000000000000   48.583163937587450
 800.000000000000000   48.591322256182309
 802.000000000000000   48.599422886990958
 804.000000000000000   48.607487037233085
 806.000000000000000   48.615483055037423
 808.000000000000000   48.623433794425630
 810.000000000000000   48.631342412210444
 812.000000000000000   48.639229783385154
 814.000000000000000   48.647012494030058
 816.000000000000000   48.654740193741013
 818.000000000000000   48.662421560327708
 820.000000000000000   48.670048303780327
 822.000000000000000   48.677709102486901
 824.000000000000000   48.685255465493022
 826.000000000000000   48.692707904804010
 828.000000000000000   48.700189381536198
 830.000000000000000   48.707610794278146
 832.000000000000000   48.714951986597839
 834.000000000000000   48.722262767895366
 836.000000000000000   48.729553358355489
 838.000000000000000   48.736751688464516
 840.000000000000000   48.743890383956753
 842.000000000000000   48.751037055151755
 844.000000000000000   48.758154269328799
 846.000000000000000   48.765173116090551
 848.000000000000000   48.772137157852534
 850.000000000000000   48.779112160676185
 852.000000000000000   48.786050765724866
 854.000000000000000   48.792888109036681
 856.000000000000000   48.799708589178493
 858.000000000000000   48.806513226445951
 860.000000000000000   48.813219272977918
 862.000000000000000   48.819907414678077
 864.000000000000000   48.826601771375238
 866.000000000000000   48.833231261655357
 868.000000000000000   48.839801785739546
 870.000000000000000   48.846327677042808
 872.000000000000000   48.852824384403597
 874.000000000000000   48.859295727489332
 876.000000000000000   48.865697707594322
 878.000000000000000   48.872057928034188
 880.000000000000000   48.878442836770454
 882.000000000000000   48.884778100132650
 884.000000000000000   48.891055903660899
 886.000000000000000   48.897232176568785
 888.000000000000000   48.903428771443487
 890.000000000000000   48.909609028975460
 892.000000000000000   48.915694829690942
 894.000000000000000   48.921793715604032
 896.000000000000000   48.927879336297352
 898.000000000000000   48.933883344450557
 900.000000000000000   48.939821083385610
