   0.000000000000000    0.000000000000000
   2.000000000000000    0.001162159973098
   4.000000000000000    0.001090021255002
   6.000000000000000    0.003553525217308
   8.000000000000000    0.009286939113006
  10.000000000000000    0.019764973788800
  12.000000000000000    0.035928747792950
  14.000000000000000    0.062503367380664
  16.000000000000000    0.100568646495811
  18.000000000000000    0.157268754246050
  20.000000000000000    0.237583587236802
  22.000000000000000    0.347288943853484
  24.000000000000000    0.489430707681333
  26.000000000000000    0.665052412957511
  28.000000000000000    0.878948649129145
  30.000000000000000    1.125527606004953
  32.000000000000000    1.405697099139696
  34.000000000000000    1.714736610688311
  36.000000000000000    2.049670666746945
  38.000000000000000    2.408502093198355
  40.000000000000000    2.785440969796753
  42.000000000000000    3.176875758613854
  44.000000000000000    3.583769226368202
  46.000000000000000    3.996627953113387
  48.000000000000000    4.420111251625796
  50.000000000000000    4.846904192229364
  52.000000000000000    5.277518648455266
  54.000000000000000    5.711682451132504
  56.000000000000000    6.146825629096423
  58.000000000000000    6.583499224336963
  60.000000000000000    7.017351748499205
  62.000000000000000    7.454458198325679
  64.000000000000000    7.890031511877822
  66.000000000000000    8.326664906882025
  68.000000000000000    8.759559530762314
  70.000000000000000    9.192845300615913
  72.000000000000000    9.627658746449665
  74.000000000000000   10.060460901972681
  76.000000000000000   10.490926226522792
  78.000000000000000   10.923860286885223
  80.000000000000000   11.358481289743384
  82.000000000000000   11.785083210612362
  84.000000000000000   12.218694516275074
  86.000000000000000   12.647197618975516
  88.000000000000000   13.081062722536325
  90.000000000000000   13.504925480231366
  92.000000000000000   13.934745494460746
  94.000000000000000   14.368620306713401
  96.000000000000000   14.787746328500397
  98.000000000000000   15.217842079937279
 100.000000000000000   15.642220473188079
 102.000000000000000   16.065492677001078
 104.000000000000000   16.485552606804948
 106.000000000000000   16.907685558067350
 108.000000000000000   17.325401420875078
 110.000000000000000   17.742551728177478
 112.000000000000000   18.153815361154461
 114.000000000000000   18.565608327318284
 116.000000000000000   18.974944064091311
 118.000000000000000   19.381347231922831
 120.000000000000000   19.783019430910212
 122.000000000000000   20.184565866498779
 124.000000000000000   20.578428301028715
 126.000000000000000   20.972489441353943
 128.000000000000000   21.367187714890669
 130.000000000000000   21.743251516411792
 132.000000000000000   22.132819135724684
 134.000000000000000   22.508168676312263
 136.000000000000000   22.881711461972063
 138.000000000000000   23.256543022986538
 140.000000000000000   23.615297478488390
 142.000000000000000   23.982212221644485
 144.000000000000000   24.338119208100295
 146.000000000000000   24.692496563337855
 148.000000000000000   25.039071261212570
 150.000000000000000   25.383858047393417
 152.000000000000000   25.724619872727796
 154.000000000000000   26.062344539047011
 156.000000000000000   26.388205728415588
 158.000000000000000   26.718911962286963
 160.000000000000000   27.037249684466044
 162.000000000000000   27.356107594901516
 164.000000000000000   27.670769414868282
 166.000000000000000   27.976817055796246
 168.000000000000000   28.278013024087393
 170.000000000000000   28.582639365975844
 172.000000000000000   28.874774398375735
 174.000000000000000   29.164404341879642
 176.000000000000000   29.454532353026636
 178.000000000000000   29.729862305223850
 180.000000000000000   30.013176303253282
 182.000000000000000   30.280953975946758
 184.000000000000000   30.556575511773428
 186.000000000000000   30.814375637867766
 188.000000000000000   31.074734317095881
 190.000000000000000   31.338255248976711
 192.000000000000000   31.584954697781370
 194.000000000000000   31.832731304774878
 196.000000000000000   32.078271646082172
 198.000000000000000   32.316054521831916
 200.000000000000000   32.561751378099409
 202.000000000000000   32.782523783948207
 204.000000000000000   33.015007521525867
 206.000000000000000   33.244987320809329
 208.000000000000000   33.461645296299807
 210.000000000000000   33.680069920911890
 212.000000000000000   33.893974211532623
 214.000000000000000   34.105363512379391
 216.000000000000000   34.313769459436998
 218.000000000000000   34.515756192960040
 220.000000000000000   34.715991985419514
 222.000000000000000   34.918603267468292
 224.000000000000000   35.108354765187912
 226.000000000000000   35.296199281045133
 228.000000000000000   35.488575999006386
 230.000000000000000   35.672475728201029
 232.000000000000000   35.855305384286815
 234.000000000000000   36.027873432984414
 236.000000000000000   36.210872165435411
 238.000000000000000   36.381096563587299
 240.000000000000000   36.550914390510520
 242.000000000000000   36.716931587009078
 244.000000000000000   36.880988470670793
 246.000000000000000   37.049368329521776
 248.000000000000000   37.203679553366300
 250.000000000000000   37.356151603171774
 252.000000000000000   37.522952227341726
 254.000000000000000   37.659777661370271
 256.000000000000000   37.818343294940810
 258.000000000000000   37.963592782220559
 260.000000000000000   38.107615978371136
 262.000000000000000   38.245587218026003
 264.000000000000000   38.394369172202296
 266.000000000000000   38.526615448936511
 268.000000000000000   38.661841714944138
 270.000000000000000   38.793625927994889
 272.000000000000000   38.932124468407721
 274.000000000000000   39.051745655116413
 276.000000000000000   39.188335493039773
 278.000000000000000   39.307079703236042
 280.000000000000000   39.428703729150442
 282.000000000000000   39.561564266302817
 284.000000000000000   39.666990626136965
 286.000000000000000   39.786484295560534
 288.000000000000000   39.914231668973912
 290.000000000000000   40.018780683175450
 292.000000000000000   40.129557268691677
 294.000000000000000   40.243238563051555
 296.000000000000000   40.352748497673240
 298.000000000000000   40.457560821696639
 300.000000000000000   40.569074459451890
 302.000000000000000   40.664056075587084
 304.000000000000000   40.771763608922747
 306.000000000000000   40.868564074228907
 308.000000000000000   40.973426877186974
 310.000000000000000   41.069280262158742
 312.000000000000000   41.159766766418201
 314.000000000000000   41.272835954139317
 316.000000000000000   41.339820426594549
 318.000000000000000   41.453113674794878
 320.000000000000000   41.534649879939984
 322.000000000000000   41.623349273621159
 324.000000000000000   41.718318776862425
 326.000000000000000   41.796902860974335
 328.000000000000000   41.887004690924989
 330.000000000000000   41.970558534510609
 332.000000000000000   42.059814425628538
 334.000000000000000   42.136134545022514
 336.000000000000000   42.208859714945817
 338.000000000000000   42.302710164973718
 340.000000000000000   42.377945442324211
 342.000000000000000   42.452290081024984
 344.000000000000000   42.519458151241778
 346.000000000000000   42.615138940406680
 348.000000000000000   42.671568182787816
 350.000000000000000   42.758960803291821
 352.000000000000000   42.818858573858947
 354.000000000000000   42.897342141883300
 356.000000000000000   42.959949890479393
 358.000000000000000   43.039671072032426
 360.000000000000000   43.102344135798447
 362.000000000000000   43.167808000992551
 364.000000000000000   43.246215500572191
 366.000000000000000   43.290260334013006
 368.000000000000000   43.367125120482100
 370.000000000000000   43.440030821969842
 372.000000000000000   43.482970187797086
 374.000000000000000   43.564074737678162
 376.000000000000000   43.616696955913135
 378.000000000000000   43.672527180022819
 380.000000000000000   43.740576663540786
 382.000000000000000   43.791808133635023
 384.000000000000000   43.855008421734311
 386.000000000000000   43.917239474718933
 388.000000000000000   43.959169841021016
 390.000000000000000   44.028463923700755
 392.000000000000000   44.076546570226370
 394.000000000000000   44.141595822323026
 396.000000000000000   44.177269317675943
 398.000000000000000   44.249563256559973
 400.000000000000000   44.282097028671849
 402.000000000000000   44.353839155318290
 404.000000000000000   44.395340498739941
 406.000000000000000   44.436871930309358
 408.000000000000000   44.495370799669146
 410.000000000000000   44.556842872208897
 412.000000000000000   44.581473562075601
 414.000000000000000   44.652711785640896
 416.000000000000000   44.690582347831096
 418.000000000000000   44.722873124988475
 420.000000000000000   44.779599608167608
 422.000000000000000   44.836682227406641
 424.000000000000000   44.871463531981021
 426.000000000000000   44.913441605010433
 428.000000000000000   44.967584782250313
 430.000000000000000   44.989089419638333
 432.000000000000000   45.075276519210831
 434.000000000000000   45.069594512922016
 436.000000000000000   45.120738696449806
 438.000000000000000   45.196976637421500
 440.000000000000000   45.200014490935800
 442.000000000000000   45.259588294749292
 444.000000000000000   45.303504093276402
 446.000000000000000   45.314640673862606
 448.000000000000000   45.387259957851931
 450.000000000000000   45.415302905907012
 452.000000000000000   45.438930225323908
 454.000000000000000   45.487832675857774
 456.000000000000000   45.535487854516987
 458.000000000000000   45.553369785826689
 460.000000000000000   45.600105951210018
 462.000000000000000   45.641195653084431
 464.000000000000000   45.657350723193133
 466.000000000000000   45.704640667627295
 468.000000000000000   45.745312795314980
 470.000000000000000   45.789684298304174
 472.000000000000000   45.781149425925854
 474.000000000000000   45.864849335147767
 476.000000000000000   45.866256389509211
 478.000000000000000   45.899011603040542
 480.000000000000000   45.952547065007380
 482.000000000000000   45.989437617831790
 484.000000000000000   45.981870084724974
 486.000000000000000   46.048783352851338
 488.000000000000000   46.048596967326354
 490.000000000000000   46.119770909117484
 492.000000000000000   46.119695646259224
 494.000000000000000   46.154046066232588
 496.000000000000000   46.194897780995525
 498.000000000000000   46.224479316896314
 500.000000000000000   46.256095499273165
 502.000000000000000   46.247387213658300
 504.000000000000000   46.318159602645181
 506.000000000000000   46.347306382825742
 508.000000000000000   46.349106174105167
 510.000000000000000   46.377782748713706
 512.000000000000000   46.438923422958638
 514.000000000000000   46.451901848355696
 516.000000000000000   46.445137913197563
 518.000000000000000   46.517013352365730
 520.000000000000000   46.500354287819754
 522.000000000000000   46.569843687398532
 524.000000000000000   46.565707199514321
 526.000000000000000   46.601286878566910
 528.000000000000000   46.627946462721489
 530.000000000000000   46.659519470812697
 532.000000000000000   46.683857351653330
 534.000000000000000   46.667658607560448
 536.000000000000000   46.761245163216735
 538.000000000000000   46.743332378336568
 540.000000000000000   46.750088750498982
 542.000000000000000   46.826367264048969
 544.000000000000000   46.803429531870883
 546.000000000000000   46.843702169911062
 548.000000000000000   46.860332296936754
 550.000000000000000   46.896937604051168
 552.000000000000000   46.905770228975321
 554.000000000000000   46.938077214276859
 556.000000000000000   46.944391716921352
 558.000000000000000   46.996110909779688
 560.000000000000000   46.978317506574015
 562.000000000000000   47.027837609831238
 564.000000000000000   47.037495667039394
 566.000000000000000   47.088545491087721
 568.000000000000000   47.041549349996941
 570.000000000000000   47.120850898353808
 572.000000000000000   47.132304111506521
 574.000000000000000   47.119131695754824
 576.000000000000000   47.190419507631901
 578.000000000000000   47.171343998473695
 580.000000000000000   47.208562045981061
 582.000000000000000   47.243201982767879
 584.000000000000000   47.203891424186345
 586.000000000000000   47.290766746240962
 588.000000000000000   47.245970320228778
 590.000000000000000   47.313077346908770
 592.000000000000000   47.327015189866110
 594.000000000000000   47.357560207700253
 596.000000000000000   47.334824325360771
 598.000000000000000   47.347852129213017
 600.000000000000000   47.397288826407703
 602.000000000000000   47.431975139677455
 604.000000000000000   47.403768547968681
 606.000000000000000   47.460279978039736
 608.000000000000000   47.452981652682851
 610.000000000000000   47.479948782891391
 612.000000000000000   47.480224758196215
 614.000000000000000   47.518256804546226
 616.000000000000000   47.520476775501628
 618.000000000000000   47.566405583177939
 620.000000000000000   47.530041437048098
 622.000000000000000   47.626114271299834
 624.000000000000000   47.533855527145576
 626.000000000000000   47.661314050351628
 628.000000000000000   47.608105771930482
 630.000000000000000   47.642952373750170
 632.000000000000000   47.623154478491344
 634.000000000000000   47.707561916819110
 636.000000000000000   47.677634146094128
 638.000000000000000   47.721658740716137
 640.000000000000000   47.644981797657096
 642.000000000000000   47.819299486983532
 644.000000000000000   47.700465788442152
 646.000000000000000   47.752219554983789
 648.000000000000000   47.841124513670707
 650.000000000000000   47.756248718181716
 652.000000000000000   47.779503232957609
 654.000000000000000   47.852349493920890
 656.000000000000000   47.772447941858140
 658.000000000000000   47.899800432713981
 660.000000000000000   47.859835216668948
 662.000000000000000   47.854114047601243
 664.000000000000000   47.905046192601240
 666.000000000000000   47.934048947005905
 668.000000000000000   47.899432178044620
 670.000000000000000   47.876704815040377
 672.000000000000000   47.991561728384539
 674.000000000000000   47.946329686761217
 676.000000000000000   47.953580956876166
 678.000000000000000   47.979287538878317
 680.000000000000000   47.992209246042108
 682.000000000000000   48.044683424390357
 684.000000000000000   48.008432448121852
 686.000000000000000   48.018866719672467
 688.000000000000000   48.026485534249396
 690.000000000000000   48.086726861428808
 692.000000000000000   48.043266776290885
 694.000000000000000   48.087469461968759
 696.000000000000000   48.116442465577656
 698.000000000000000   48.082038161460581
 700.000000000000000   48.119588893391679
 702.000000000000000   48.141199797101116
 704.000000000000000   48.140139579852566
 706.000000000000000   48.128606388408421
 708.000000000000000   48.197223545661338
 710.000000000000000   48.121723936979755
 712.000000000000000   48.225883649368541
 714.000000000000000   48.225226071426064
 716.000000000000000   48.143515403594989
 718.000000000000000   48.257218475997192
 720.000000000000000   48.214036623961086
 722.000000000000000   48.224686013844646
 724.000000000000000   48.309127727238653
 726.000000000000000   48.207286946643194
 728.000000000000000   48.341447206062647
 730.000000000000000   48.204638776223405
 732.000000000000000   48.330164880042858
 734.000000000000000   48.302082147257828
 736.000000000000000   48.319478520992085
 738.000000000000000   48.339565628654697
 740.000000000000000   48.285916831878929
 742.000000000000000   48.372901044300441
 744.000000000000000   48.395374922775979
 746.000000000000000   48.310336543617680
 748.000000000000000   48.426337713185823
 750.000000000000000   48.345500951618483
 752.000000000000000   48.417453590123344
 754.000000000000000   48.379049056309292
 756.000000000000000   48.476248506662429
 758.000000000000000   48.347280373096375
 760.000000000000000   48.469563780891988
 762.000000000000000   48.456889983657632
 764.000000000000000   48.452779119311174
 766.000000000000000   48.427154993849001
 768.000000000000000   48.486134651415384
 770.000000000000000   48.510386152537528
 772.000000000000000   48.447664267934762
 774.000000000000000   48.522690705114051
 776.000000000000000   48.529478205295320
 778.000000000000000   48.442502940486889
 780.000000000000000   48.633952869804155
 782.000000000000000   48.438151022142215
 784.000000000000000   48.571042510761856
 786.000000000000000   48.587995912291284
 788.000000000000000   48.505721897814226
 790.000000000000000   48.615234466074838
 792.000000000000000   48.572828652881114
 794.000000000000000   48.581933220046281
 796.000000000000000   48.574213776727994
 798.000000000000000   48.645901194216940
 800.000000000000000   48.573751319397083
 802.000000000000000   48.631614057984656
 804.000000000000000   48.622753859160319
 806.000000000000000   48.622212113786695
 808.000000000000000   48.646468180502993
 810.000000000000000   48.683664039688701
 812.000000000000000   48.662400235621398
 814.000000000000000   48.641039773958774
 816.000000000000000   48.699330120080738
 818.000000000000000   48.636090568320114
 820.000000000000000   48.695461086244840
 822.000000000000000   48.794018715045013
 824.000000000000000   48.616183881861005
 826.000000000000000   48.727389797746980
 828.000000000000000   48.750374521190338
 830.000000000000000   48.727843859360426
 832.000000000000000   48.721759222199537
 834.000000000000000   48.753950639631739
 836.000000000000000   48.776197366924762
 838.000000000000000   48.722771297503300
 840.000000000000000   48.760768157140724
 842.000000000000000   48.785437610098683
 844.000000000000000   48.812991588928966
 846.000000000000000   48.746003536044746
 848.000000000000000   48.797012022708472
 850.000000000000000   48.818114284128079
 852.000000000000000   48.841896196627019
 854.000000000000000   48.762663829691945
 856.000000000000000   48.862807533909709
 858.000000000000000   48.811865884007183
 860.000000000000000   48.833818257868806
 862.000000000000000   48.820225520052148
 864.000000000000000   48.919503303326522
 866.000000000000000   48.822794325448513
 868.000000000000000   48.879867307590892
 870.000000000000000   48.852277984920818
 872.000000000000000   48.897450221908322
 874.000000000000000   48.881448131653649
 876.000000000000000   48.869965177666238
 878.000000000000000   48.868128943462615
 880.000000000000000   49.001356571886447
 882.000000000000000   48.870622578193426
 884.000000000000000   48.972826381052663
 886.000000000000000   48.782135690656666
 888.000000000000000   49.060089120726758
 890.000000000000000   48.825873122788273
 892.000000000000000   49.033688114620169
 894.000000000000000   48.874463009370025
 896.000000000000000   49.074233056860784
 898.000000000000000   48.818196186068796
 900.000000000000000   49.025816108854961
