   0.000000000000000    0.000000000000000
   2.000000000000000   -0.000000568946260
   4.000000000000000   -0.000000605688458
   6.000000000000000   -0.000000657563015
   8.000000000000000   -0.000000744159696
  10.000000000000000   -0.000000877105681
  12.000000000000000   -0.000001088048657
  14.000000000000000   -0.000001446162301
  16.000000000000000   -0.000002078299098
  18.000000000000000   -0.000003167020253
  20.000000000000000   -0.000004922451647
  22.000000000000000   -0.000007541686954
  24.000000000000000   -0.000011174795761
  26.000000000000000   -0.000015906074012
  28.000000000000000   -0.000021750400299
  30.000000000000000   -0.000028660468263
  32.000000000000000   -0.000036540212094
  34.000000000000000   -0.000045259027446
  36.000000000000000   -0.000054665779092
  38.000000000000000   -0.000064600176481
  40.000000000000000   -0.000074901240671
  42.000000000000000   -0.000085413763086
  44.000000000000000   -0.000095991980651
  46.000000000000000   -0.000106502065607
  48.000000000000000   -0.000116823208257
  50.000000000000000   -0.000126847901318
  52.000000000000000   -0.000136481794578
  54.000000000000000   -0.000145642911632
  56.000000000000000   -0.000154261125464
  58.000000000000000   -0.000162277178156
  60.000000000000000   -0.000169642031157
  62.000000000000000   -0.000176316004942
  64.000000000000000   -0.000182267776625
  66.000000000000000   -0.000187474166043
  68.000000000000000   -0.000191918784214
  70.000000000000000   -0.000195592069098
  72.000000000000000   -0.000198490095664
  74.000000000000000   -0.000200614251320
  76.000000000000000   -0.000201970778963
  78.000000000000000   -0.000202570068601
  80.000000000000000   -0.000202426175520
  82.000000000000000   -0.000201556406796
  84.000000000000000   -0.000199980815662
  86.000000000000000   -0.000197721942119
  88.000000000000000   -0.000194804181174
  90.000000000000000   -0.000191253472000
  92.000000000000000   -0.000187097179367
  94.000000000000000   -0.000182363457527
  96.000000000000000   -0.000177081274967
  98.000000000000000   -0.000171279880030
 100.000000000000000   -0.000164988795767
 102.000000000000000   -0.000158237469694
 104.000000000000000   -0.000151055340259
 106.000000000000000   -0.000143471112734
 108.000000000000000   -0.000135513384611
 110.000000000000000   -0.000127209884262
 112.000000000000000   -0.000118587803806
 114.000000000000000   -0.000109673462734
 116.000000000000000   -0.000100492289896
 118.000000000000000   -0.000091068971787
 120.000000000000000   -0.000081427072313
 122.000000000000000   -0.000071589268854
 124.000000000000000   -0.000061577219862
 126.000000000000000   -0.000051411705264
 128.000000000000000   -0.000041112345657
 130.000000000000000   -0.000030697937939
 132.000000000000000   -0.000020186055881
 134.000000000000000   -0.000009593522546
 136.000000000000000    0.000001063885826
 138.000000000000000    0.000011771225606
 140.000000000000000    0.000022514550875
 142.000000000000000    0.000033280694327
 144.000000000000000    0.000044057432637
 146.000000000000000    0.000054833253020
 148.000000000000000    0.000065597517443
 150.000000000000000    0.000076340170536
 152.000000000000000    0.000087052025291
 154.000000000000000    0.000097724608297
 156.000000000000000    0.000108349835804
 158.000000000000000    0.000118920572567
 160.000000000000000    0.000129429975253
 162.000000000000000    0.000139871937128
 164.000000000000000    0.000150240800258
 166.000000000000000    0.000160531454645
 168.000000000000000    0.000170739209751
 170.000000000000000    0.000180859784347
 172.000000000000000    0.000190889369947
 174.000000000000000    0.000200824584316
 176.000000000000000    0.000210662321277
 178.000000000000000    0.000220399884121
 180.000000000000000    0.000230034844334
 182.000000000000000    0.000239565067516
 184.000000000000000    0.000248988781019
 186.000000000000000    0.000258304417099
 188.000000000000000    0.000267510645573
 190.000000000000000    0.000276606373794
 192.000000000000000    0.000285590759182
 194.000000000000000    0.000294463074063
 196.000000000000000    0.000303222828624
 198.000000000000000    0.000311869754182
 200.000000000000000    0.000320403585574
 202.000000000000000    0.000328824341037
 204.000000000000000    0.000337132137462
 206.000000000000000    0.000345327184777
 208.000000000000000    0.000353409772056
 210.000000000000000    0.000361380478768
 212.000000000000000    0.000369239669699
 214.000000000000000    0.000376988116790
 216.000000000000000    0.000384626421309
 218.000000000000000    0.000392155422015
 220.000000000000000    0.000399575960212
 222.000000000000000    0.000406888862258
 224.000000000000000    0.000414095162714
 226.000000000000000    0.000421195767412
 228.000000000000000    0.000428191814108
 230.000000000000000    0.000435084337412
 232.000000000000000    0.000441874474515
 234.000000000000000    0.000448563324516
 236.000000000000000    0.000455152121962
 238.000000000000000    0.000461641999267
 240.000000000000000    0.000468034132858
 242.000000000000000    0.000474329813462
 244.000000000000000    0.000480530271352
 246.000000000000000    0.000486636717905
 248.000000000000000    0.000492650430982
 250.000000000000000    0.000498572703266
 252.000000000000000    0.000504404717965
 254.000000000000000    0.000510147787584
 256.000000000000000    0.000515803237428
 258.000000000000000    0.000521372194150
 260.000000000000000    0.000526856073114
 262.000000000000000    0.000532256015728
 264.000000000000000    0.000537573322445
 266.000000000000000    0.000542809147153
 268.000000000000000    0.000547964888502
 270.000000000000000    0.000553041621190
 272.000000000000000    0.000558040735513
 274.000000000000000    0.000562963274951
 276.000000000000000    0.000567810493844
 278.000000000000000    0.000572583580685
 280.000000000000000    0.000577283703483
 282.000000000000000    0.000581912036641
 284.000000000000000    0.000586469682898
 286.000000000000000    0.000590957873190
 288.000000000000000    0.000595377609099
 290.000000000000000    0.000599730132186
 292.000000000000000    0.000604016363275
 294.000000000000000    0.000608237543494
 296.000000000000000    0.000612394640417
 298.000000000000000    0.000616488752526
 300.000000000000000    0.000620520823733
 302.000000000000000    0.000624491993892
 304.000000000000000    0.000628403201110
 306.000000000000000    0.000632255406462
 308.000000000000000    0.000636049667679
 310.000000000000000    0.000639786860435
 312.000000000000000    0.000643468063609
 314.000000000000000    0.000647094028071
 316.000000000000000    0.000650665756812
 318.000000000000000    0.000654184154061
 320.000000000000000    0.000657650111151
 322.000000000000000    0.000661064425048
 324.000000000000000    0.000664428050617
 326.000000000000000    0.000667741783684
 328.000000000000000    0.000671006479497
 330.000000000000000    0.000674222935249
 332.000000000000000    0.000677391874039
 334.000000000000000    0.000680514263639
 336.000000000000000    0.000683590687918
 338.000000000000000    0.000686622016034
 340.000000000000000    0.000689608979478
 342.000000000000000    0.000692552299206
 344.000000000000000    0.000695452703829
 346.000000000000000    0.000698310824553
 348.000000000000000    0.000701127531811
 350.000000000000000    0.000703903355820
 352.000000000000000    0.000706639029942
 354.000000000000000    0.000709335193376
 356.000000000000000    0.000711992513735
 358.000000000000000    0.000714611603197
 360.000000000000000    0.000717193091501
 362.000000000000000    0.000719737596798
 364.000000000000000    0.000722245768062
 366.000000000000000    0.000724718096784
 368.000000000000000    0.000727155286643
 370.000000000000000    0.000729557833185
 372.000000000000000    0.000731926311675
 374.000000000000000    0.000734261265001
 376.000000000000000    0.000736563225576
 378.000000000000000    0.000738832728223
 380.000000000000000    0.000741070343645
 382.000000000000000    0.000743276504917
 384.000000000000000    0.000745451810965
 386.000000000000000    0.000747596665621
 388.000000000000000    0.000749711559344
 390.000000000000000    0.000751797027273
 392.000000000000000    0.000753853522436
 394.000000000000000    0.000755881470043
 396.000000000000000    0.000757881337271
 398.000000000000000    0.000759853506260
 400.000000000000000    0.000761798572395
 402.000000000000000    0.000763716839847
 404.000000000000000    0.000765608728779
 406.000000000000000    0.000767474664701
 408.000000000000000    0.000769315089206
 410.000000000000000    0.000771130375283
 412.000000000000000    0.000772920858550
 414.000000000000000    0.000774686998900
 416.000000000000000    0.000776429102682
 418.000000000000000    0.000778147661159
 420.000000000000000    0.000779842887320
 422.000000000000000    0.000781515269739
 424.000000000000000    0.000783165104152
 426.000000000000000    0.000784792649192
 428.000000000000000    0.000786398356098
 430.000000000000000    0.000787982510548
 432.000000000000000    0.000789545525253
 434.000000000000000    0.000791087518775
 436.000000000000000    0.000792609005982
 438.000000000000000    0.000794110192948
 440.000000000000000    0.000795591395979
 442.000000000000000    0.000797052954425
 444.000000000000000    0.000798495109879
 446.000000000000000    0.000799918227772
 448.000000000000000    0.000801322516002
 450.000000000000000    0.000802708235706
 452.000000000000000    0.000804075661329
 454.000000000000000    0.000805425130076
 456.000000000000000    0.000806756932596
 458.000000000000000    0.000808071193978
 460.000000000000000    0.000809368273774
 462.000000000000000    0.000810648372305
 464.000000000000000    0.000811911787954
 466.000000000000000    0.000813158672324
 468.000000000000000    0.000814389406995
 470.000000000000000    0.000815604086245
 472.000000000000000    0.000816802961338
 474.000000000000000    0.000817986283074
 476.000000000000000    0.000819154259192
 478.000000000000000    0.000820307211659
 480.000000000000000    0.000821445236161
 482.000000000000000    0.000822568503130
 484.000000000000000    0.000823677328559
 486.000000000000000    0.000824771877201
 488.000000000000000    0.000825852388765
 490.000000000000000    0.000826919006499
 492.000000000000000    0.000827971900554
 494.000000000000000    0.000829011378188
 496.000000000000000    0.000830037481313
 498.000000000000000    0.000831050516577
 500.000000000000000    0.000832050548586
 502.000000000000000    0.000833037785748
 504.000000000000000    0.000834012510740
 506.000000000000000    0.000834974775756
 508.000000000000000    0.000835924860760
 510.000000000000000    0.000836862787647
 512.000000000000000    0.000837788806087
 514.000000000000000    0.000838703087540
 516.000000000000000    0.000839605737108
 518.000000000000000    0.000840497013302
 520.000000000000000    0.000841376915783
 522.000000000000000    0.000842245768669
 524.000000000000000    0.000843103534762
 526.000000000000000    0.000843950542255
 528.000000000000000    0.000844786801703
 530.000000000000000    0.000845612577539
 532.000000000000000    0.000846427887456
 534.000000000000000    0.000847232895862
 536.000000000000000    0.000848027773451
 538.000000000000000    0.000848812623031
 540.000000000000000    0.000849587585444
 542.000000000000000    0.000850352808426
 544.000000000000000    0.000851108406857
 546.000000000000000    0.000851854464907
 548.000000000000000    0.000852591149534
 550.000000000000000    0.000853318621253
 552.000000000000000    0.000854036935368
 554.000000000000000    0.000854746251503
 556.000000000000000    0.000855446612362
 558.000000000000000    0.000856138210146
 560.000000000000000    0.000856821066109
 562.000000000000000    0.000857495393178
 564.000000000000000    0.000858161232730
 566.000000000000000    0.000858818761226
 568.000000000000000    0.000859467979819
 570.000000000000000    0.000860109109074
 572.000000000000000    0.000860742128348
 574.000000000000000    0.000861367259833
 576.000000000000000    0.000861984474989
 578.000000000000000    0.000862593977956
 580.000000000000000    0.000863195824151
 582.000000000000000    0.000863790082294
 584.000000000000000    0.000864376832761
 586.000000000000000    0.000864956273310
 588.000000000000000    0.000865528411327
 590.000000000000000    0.000866093396034
 592.000000000000000    0.000866651241439
 594.000000000000000    0.000867201983531
 596.000000000000000    0.000867745818596
 598.000000000000000    0.000868282834535
 600.000000000000000    0.000868813099939
 602.000000000000000    0.000869336644189
 604.000000000000000    0.000869853512922
 606.000000000000000    0.000870363919173
 608.000000000000000    0.000870867864056
 610.000000000000000    0.000871365384005
 612.000000000000000    0.000871856631132
 614.000000000000000    0.000872341651065
 616.000000000000000    0.000872820536361
 618.000000000000000    0.000873293333453
 620.000000000000000    0.000873760120438
 622.000000000000000    0.000874220949384
 624.000000000000000    0.000874675814249
 626.000000000000000    0.000875125047891
 628.000000000000000    0.000875568426787
 630.000000000000000    0.000876006146121
 632.000000000000000    0.000876438264616
 634.000000000000000    0.000876864864466
 636.000000000000000    0.000877285982475
 638.000000000000000    0.000877701688824
 640.000000000000000    0.000878112002274
 642.000000000000000    0.000878517120194
 644.000000000000000    0.000878916900696
 646.000000000000000    0.000879311520536
 648.000000000000000    0.000879701104137
 650.000000000000000    0.000880085545392
 652.000000000000000    0.000880465004660
 654.000000000000000    0.000880839549731
 656.000000000000000    0.000881209161069
 658.000000000000000    0.000881574031260
 660.000000000000000    0.000881934027784
 662.000000000000000    0.000882289375859
 664.000000000000000    0.000882639966003
 666.000000000000000    0.000882986015264
 668.000000000000000    0.000883327357424
 670.000000000000000    0.000883664255241
 672.000000000000000    0.000883996737509
 674.000000000000000    0.000884324740989
 676.000000000000000    0.000884648350343
 678.000000000000000    0.000884967657460
 680.000000000000000    0.000885282703778
 682.000000000000000    0.000885593547555
 684.000000000000000    0.000885900097637
 686.000000000000000    0.000886202542223
 688.000000000000000    0.000886500933507
 690.000000000000000    0.000886795261802
 692.000000000000000    0.000887085502299
 694.000000000000000    0.000887371873839
 696.000000000000000    0.000887654266368
 698.000000000000000    0.000887932783446
 700.000000000000000    0.000888207432857
 702.000000000000000    0.000888478288013
 704.000000000000000    0.000888745406810
 706.000000000000000    0.000889008755179
 708.000000000000000    0.000889268493258
 710.000000000000000    0.000889524481777
 712.000000000000000    0.000889776946473
 714.000000000000000    0.000890025826702
 716.000000000000000    0.000890271107334
 718.000000000000000    0.000890512981178
 720.000000000000000    0.000890751369641
 722.000000000000000    0.000890986343870
 724.000000000000000    0.000891217908209
 726.000000000000000    0.000891446096670
 728.000000000000000    0.000891670986603
 730.000000000000000    0.000891892557294
 732.000000000000000    0.000892110925274
 734.000000000000000    0.000892326075234
 736.000000000000000    0.000892537995281
 738.000000000000000    0.000892746793451
 740.000000000000000    0.000892952453586
 742.000000000000000    0.000893155044120
 744.000000000000000    0.000893354602717
 746.000000000000000    0.000893551020276
 748.000000000000000    0.000893744549650
 750.000000000000000    0.000893934996739
 752.000000000000000    0.000894122616178
 754.000000000000000    0.000894307238642
 756.000000000000000    0.000894489087672
 758.000000000000000    0.000894667932927
 760.000000000000000    0.000894844094024
 762.000000000000000    0.000895017356754
 764.000000000000000    0.000895187888928
 766.000000000000000    0.000895355725138
 768.000000000000000    0.000895520789726
 770.000000000000000    0.000895683159568
 772.000000000000000    0.000895842907390
 774.000000000000000    0.000895999997999
 776.000000000000000    0.000896154433053
 778.000000000000000    0.000896306339788
 780.000000000000000    0.000896455687135
 782.000000000000000    0.000896602458860
 784.000000000000000    0.000896746739674
 786.000000000000000    0.000896888560918
 788.000000000000000    0.000897027901159
 790.000000000000000    0.000897164790614
 792.000000000000000    0.000897299218876
 794.000000000000000    0.000897431293658
 796.000000000000000    0.000897561000777
 798.000000000000000    0.000897688315524
 800.000000000000000    0.000897813307144
 802.000000000000000    0.000897936101857
 804.000000000000000    0.000898056460527
 806.000000000000000    0.000898174659727
 808.000000000000000    0.000898290589235
 810.000000000000000    0.000898404364160
 812.000000000000000    0.000898515811760
 814.000000000000000    0.000898625138851
 816.000000000000000    0.000898732324372
 818.000000000000000    0.000898837359355
 820.000000000000000    0.000898940298314
 822.000000000000000    0.000899041134391
 824.000000000000000    0.000899139825088
 826.000000000000000    0.000899236510975
 828.000000000000000    0.000899331167287
 830.000000000000000    0.000899423776839
 832.000000000000000    0.000899514308307
 834.000000000000000    0.000899602956098
 836.000000000000000    0.000899689604012
 838.000000000000000    0.000899774318072
 840.000000000000000    0.000899857069860
 842.000000000000000    0.000899937927620
 844.000000000000000    0.000900016909103
 846.000000000000000    0.000900093908137
 848.000000000000000    0.000900169190874
 850.000000000000000    0.000900242528807
 852.000000000000000    0.000900314033190
 854.000000000000000    0.000900383775068
 856.000000000000000    0.000900451674080
 858.000000000000000    0.000900517797149
 860.000000000000000    0.000900582149874
 862.000000000000000    0.000900644807956
 864.000000000000000    0.000900705671269
 866.000000000000000    0.000900764855911
 868.000000000000000    0.000900822278780
 870.000000000000000    0.000900878038509
 872.000000000000000    0.000900932090193
 874.000000000000000    0.000900984515840
 876.000000000000000    0.000901035307624
 878.000000000000000    0.000901084500261
 880.000000000000000    0.000901132056271
 882.000000000000000    0.000901177947043
 884.000000000000000    0.000901222270675
 886.000000000000000    0.000901264950476
 888.000000000000000    0.000901306234337
 890.000000000000000    0.000901345855084
 892.000000000000000    0.000901383977397
 894.000000000000000    0.000901420593846
 896.000000000000000    0.000901455701185
 898.000000000000000    0.000901489240295
 900.000000000000000    0.000901521359097
