   0.000000000000000       -10.712069145061999
   2.000000000000000       -10.712069358910641
   4.000000000000000       -10.712069596849144
   6.000000000000000       -10.712069846084921
   8.000000000000000       -10.712070119873808
  10.000000000000000       -10.712070441788839
  12.000000000000000       -10.712070845643629
  14.000000000000000       -10.712071373623418
  16.000000000000000       -10.712072086689313
  18.000000000000000       -10.712073060335188
  20.000000000000000       -10.712074396197689
  22.000000000000000       -10.712076224535965
  24.000000000000000       -10.712078707309528
  26.000000000000000       -10.712082035514548
  28.000000000000000       -10.712086424147008
  30.000000000000000       -10.712092114158800
  32.000000000000000       -10.712099359539192
  34.000000000000000       -10.712108426046452
  36.000000000000000       -10.712119583375111
  38.000000000000000       -10.712133101073391
  40.000000000000000       -10.712149246387472
  42.000000000000000       -10.712168278605940
  44.000000000000000       -10.712190446631746
  46.000000000000000       -10.712215991305571
  48.000000000000000       -10.712245137901549
  50.000000000000000       -10.712278102097290
  52.000000000000000       -10.712315085060361
  54.000000000000000       -10.712356275530608
  56.000000000000000       -10.712401850992057
  58.000000000000000       -10.712451976976347
  60.000000000000000       -10.712506808693044
  62.000000000000000       -10.712566489055192
  64.000000000000000       -10.712631153931406
  66.000000000000000       -10.712700929705418
  68.000000000000000       -10.712775935767199
  70.000000000000000       -10.712856282204397
  72.000000000000000       -10.712942073045589
  74.000000000000000       -10.713033407419614
  76.000000000000000       -10.713130377970204
  78.000000000000000       -10.713233071190398
  80.000000000000000       -10.713341570449833
  82.000000000000000       -10.713455955823852
  84.000000000000000       -10.713576299427451
  86.000000000000000       -10.713702673400959
  88.000000000000000       -10.713835144066893
  90.000000000000000       -10.713973777259163
  92.000000000000000       -10.714118631278303
  94.000000000000000       -10.714269764574507
  96.000000000000000       -10.714427234899018
  98.000000000000000       -10.714591091227607
 100.000000000000000       -10.714761385177558
 102.000000000000000       -10.714938163931231
 104.000000000000000       -10.715121472371074
 106.000000000000000       -10.715311352372813
 108.000000000000000       -10.715507845042714
 110.000000000000000       -10.715710988269036
 112.000000000000000       -10.715920818349147
 114.000000000000000       -10.716137368105102
 116.000000000000000       -10.716360669399812
 118.000000000000000       -10.716590752119281
 120.000000000000000       -10.716827644106118
 122.000000000000000       -10.717071370640419
 124.000000000000000       -10.717321956130677
 126.000000000000000       -10.717579421629026
 128.000000000000000       -10.717843787584654
 130.000000000000000       -10.718115074014070
 132.000000000000000       -10.718393294375348
 134.000000000000000       -10.718678465959862
 136.000000000000000       -10.718970601144031
 138.000000000000000       -10.719269711389499
 140.000000000000000       -10.719575808212863
 142.000000000000000       -10.719888898040878
 144.000000000000000       -10.720208989501682
 146.000000000000000       -10.720536087814640
 148.000000000000000       -10.720870197621792
 150.000000000000000       -10.721211321254065
 152.000000000000000       -10.721559460486086
 154.000000000000000       -10.721914615947989
 156.000000000000000       -10.722276787435947
 158.000000000000000       -10.722645971598633
 160.000000000000000       -10.723022166440833
 162.000000000000000       -10.723405366812457
 164.000000000000000       -10.723795567823693
 166.000000000000000       -10.724192763643273
 168.000000000000000       -10.724596946429129
 170.000000000000000       -10.725008107328668
 172.000000000000000       -10.725426238534153
 174.000000000000000       -10.725851329408636
 176.000000000000000       -10.726283368962841
 178.000000000000000       -10.726722346574570
 180.000000000000000       -10.727168248413786
 182.000000000000000       -10.727621062796652
 184.000000000000000       -10.728080774757153
 186.000000000000000       -10.728547371421930
 188.000000000000000       -10.729020836222297
 190.000000000000000       -10.729501153506302
 192.000000000000000       -10.729988308641492
 194.000000000000000       -10.730482283668122
 196.000000000000000       -10.730983061226947
 198.000000000000000       -10.731490623839980
 200.000000000000000       -10.732004952758073
 202.000000000000000       -10.732526031247511
 204.000000000000000       -10.733053837790628
 206.000000000000000       -10.733588353671655
 208.000000000000000       -10.734129560034329
 210.000000000000000       -10.734677435729793
 212.000000000000000       -10.735231960360789
 214.000000000000000       -10.735793113030951
 216.000000000000000       -10.736360872747282
 218.000000000000000       -10.736935218332954
 220.000000000000000       -10.737516127778957
 222.000000000000000       -10.738103579146497
 224.000000000000000       -10.738697551335678
 226.000000000000000       -10.739298021243352
 228.000000000000000       -10.739904965825467
 230.000000000000000       -10.740518363266331
 232.000000000000000       -10.741138190601696
 234.000000000000000       -10.741764425072036
 236.000000000000000       -10.742397042488861
 238.000000000000000       -10.743036020905961
 240.000000000000000       -10.743681336520822
 242.000000000000000       -10.744332965857408
 244.000000000000000       -10.744990885176630
 246.000000000000000       -10.745655070795495
 248.000000000000000       -10.746325500144620
 250.000000000000000       -10.747002148666869
 252.000000000000000       -10.747684991893021
 254.000000000000000       -10.748374008099484
 256.000000000000000       -10.749069171012318
 258.000000000000000       -10.749770458288747
 260.000000000000000       -10.750477845792696
 262.000000000000000       -10.751191309563859
 264.000000000000000       -10.751910825050121
 266.000000000000000       -10.752636369769023
 268.000000000000000       -10.753367918999052
 270.000000000000000       -10.754105448848634
 272.000000000000000       -10.754848935251651
 274.000000000000000       -10.755598355519258
 276.000000000000000       -10.756353684437633
 278.000000000000000       -10.757114899707176
 280.000000000000000       -10.757881976687894
 282.000000000000000       -10.758654891518196
 284.000000000000000       -10.759433622326817
 286.000000000000000       -10.760218143545837
 288.000000000000000       -10.761008432004052
 290.000000000000000       -10.761804466040180
 292.000000000000000       -10.762606220975391
 294.000000000000000       -10.763413673353076
 296.000000000000000       -10.764226800445373
 298.000000000000000       -10.765045579247314
 300.000000000000000       -10.765869986409196
 302.000000000000000       -10.766699999818719
 304.000000000000000       -10.767535595387010
 306.000000000000000       -10.768376751077627
 308.000000000000000       -10.769223443664472
 310.000000000000000       -10.770075651308305
 312.000000000000000       -10.770933351246812
 314.000000000000000       -10.771796520296387
 316.000000000000000       -10.772665138550325
 318.000000000000000       -10.773539180307894
 320.000000000000000       -10.774418626228831
 322.000000000000000       -10.775303453100406
 324.000000000000000       -10.776193638920486
 326.000000000000000       -10.777089162760857
 328.000000000000000       -10.777990001866378
 330.000000000000000       -10.778896135215183
 332.000000000000000       -10.779807541217597
 334.000000000000000       -10.780724199256086
 336.000000000000000       -10.781646087354414
 338.000000000000000       -10.782573183354398
 340.000000000000000       -10.783505467951189
 342.000000000000000       -10.784442919797250
 344.000000000000000       -10.785385517686768
 346.000000000000000       -10.786333239795621
 348.000000000000000       -10.787286067968338
 350.000000000000000       -10.788243979582107
 352.000000000000000       -10.789206955940239
 354.000000000000000       -10.790174975320276
 356.000000000000000       -10.791148018421810
 358.000000000000000       -10.792126064312509
 360.000000000000000       -10.793109094275685
 362.000000000000000       -10.794097087839383
 364.000000000000000       -10.795090025077462
 366.000000000000000       -10.796087887756944
 368.000000000000000       -10.797090653951834
 370.000000000000000       -10.798098305671793
 372.000000000000000       -10.799110824677385
 374.000000000000000       -10.800128189585729
 376.000000000000000       -10.801150383473161
 378.000000000000000       -10.802177386455648
 380.000000000000000       -10.803209179211406
 382.000000000000000       -10.804245743955127
 384.000000000000000       -10.805287061262552
 386.000000000000000       -10.806333113203914
 388.000000000000000       -10.807383881931152
 390.000000000000000       -10.808439347611120
 392.000000000000000       -10.809499493522843
 394.000000000000000       -10.810564300872711
 396.000000000000000       -10.811633752843136
 398.000000000000000       -10.812707829711080
 400.000000000000000       -10.813786515766237
 402.000000000000000       -10.814869791334562
 404.000000000000000       -10.815957640981207
 406.000000000000000       -10.817050046320936
 408.000000000000000       -10.818146989152734
 410.000000000000000       -10.819248453178085
 412.000000000000000       -10.820354422558117
 414.000000000000000       -10.821464877900617
 416.000000000000000       -10.822579804667905
 418.000000000000000       -10.823699185136787
 420.000000000000000       -10.824823001200272
 422.000000000000000       -10.825951237335799
 424.000000000000000       -10.827083878202922
 426.000000000000000       -10.828220906425390
 428.000000000000000       -10.829362305490470
 430.000000000000000       -10.830508060218092
 432.000000000000000       -10.831658152422662
 434.000000000000000       -10.832812570294246
 436.000000000000000       -10.833971293356136
 438.000000000000000       -10.835134306722795
 440.000000000000000       -10.836301598019771
 442.000000000000000       -10.837473148088160
 444.000000000000000       -10.838648943245175
 446.000000000000000       -10.839828968469293
 448.000000000000000       -10.841013205826778
 450.000000000000000       -10.842201643233517
 452.000000000000000       -10.843394264606134
 454.000000000000000       -10.844591053598572
 456.000000000000000       -10.845791996316812
 458.000000000000000       -10.846997078875308
 460.000000000000000       -10.848206284814783
 462.000000000000000       -10.849419600419548
 464.000000000000000       -10.850637011585986
 466.000000000000000       -10.851858502104220
 468.000000000000000       -10.853084058673387
 470.000000000000000       -10.854313667520083
 472.000000000000000       -10.855547315314420
 474.000000000000000       -10.856784984192572
 476.000000000000000       -10.858026664508513
 478.000000000000000       -10.859272339530017
 480.000000000000000       -10.860521995383692
 482.000000000000000       -10.861775620106547
 484.000000000000000       -10.863033200403210
 486.000000000000000       -10.864294719280139
 488.000000000000000       -10.865560166237060
 490.000000000000000       -10.866829525159449
 492.000000000000000       -10.868102786101858
 494.000000000000000       -10.869379933196083
 496.000000000000000       -10.870660953591443
 498.000000000000000       -10.871945835084276
 500.000000000000000       -10.873234564630749
 502.000000000000000       -10.874527129460079
 504.000000000000000       -10.875823513573087
 506.000000000000000       -10.877123707635340
 508.000000000000000       -10.878427698975781
 510.000000000000000       -10.879735472791369
 512.000000000000000       -10.881047016579938
 514.000000000000000       -10.882362320565640
 516.000000000000000       -10.883681371164146
 518.000000000000000       -10.885004153310266
 520.000000000000000       -10.886330658348879
 522.000000000000000       -10.887660870633026
 524.000000000000000       -10.888994781477519
 526.000000000000000       -10.890332376438455
 528.000000000000000       -10.891673644312023
 530.000000000000000       -10.893018573278907
 532.000000000000000       -10.894367151993332
 534.000000000000000       -10.895719368631013
 536.000000000000000       -10.897075208309181
 538.000000000000000       -10.898434664747505
 540.000000000000000       -10.899797723120459
 542.000000000000000       -10.901164370606256
 544.000000000000000       -10.902534599795395
 546.000000000000000       -10.903908395771820
 548.000000000000000       -10.905285748528224
 550.000000000000000       -10.906666646341749
 552.000000000000000       -10.908051079080462
 554.000000000000000       -10.909439034600018
 556.000000000000000       -10.910830502600405
 558.000000000000000       -10.912225470917626
 560.000000000000000       -10.913623930848267
 562.000000000000000       -10.915025868605019
 564.000000000000000       -10.916431275464227
 566.000000000000000       -10.917840139834034
 568.000000000000000       -10.919252453236265
 570.000000000000000       -10.920668200096291
 572.000000000000000       -10.922087374134627
 574.000000000000000       -10.923509964198237
 576.000000000000000       -10.924935957433215
 578.000000000000000       -10.926365347153864
 580.000000000000000       -10.927798120239455
 582.000000000000000       -10.929234267683457
 584.000000000000000       -10.930673780357624
 586.000000000000000       -10.932116643946612
 588.000000000000000       -10.933562853159920
 590.000000000000000       -10.935012393459486
 592.000000000000000       -10.936465258268843
 594.000000000000000       -10.937921437332598
 596.000000000000000       -10.939380921623465
 598.000000000000000       -10.940843698468610
 600.000000000000000       -10.942309757759306
 602.000000000000000       -10.943779091969898
 604.000000000000000       -10.945251692608952
 606.000000000000000       -10.946727546924441
 608.000000000000000       -10.948206648044168
 610.000000000000000       -10.949688984790217
 612.000000000000000       -10.951174548386719
 614.000000000000000       -10.952663328307107
 616.000000000000000       -10.954155316642666
 618.000000000000000       -10.955650503125872
 620.000000000000000       -10.957148880487752
 622.000000000000000       -10.958650436003619
 624.000000000000000       -10.960155165857703
 626.000000000000000       -10.961663053746388
 628.000000000000000       -10.963174098021089
 630.000000000000000       -10.964688285117113
 632.000000000000000       -10.966205607350323
 634.000000000000000       -10.967726053500726
 636.000000000000000       -10.969249619233063
 638.000000000000000       -10.970776292786518
 640.000000000000000       -10.972306067279405
 642.000000000000000       -10.973838928054420
 644.000000000000000       -10.975374876753513
 646.000000000000000       -10.976913896137024
 648.000000000000000       -10.978455980019485
 650.000000000000000       -10.980001124630435
 652.000000000000000       -10.981549315138860
 654.000000000000000       -10.983100543680141
 656.000000000000000       -10.984654805581382
 658.000000000000000       -10.986212086545017
 660.000000000000000       -10.987772385418367
 662.000000000000000       -10.989335690545881
 664.000000000000000       -10.990901992486942
 666.000000000000000       -10.992471285394966
 668.000000000000000       -10.994043562093433
 670.000000000000000       -10.995618811500467
 672.000000000000000       -10.997197023336030
 674.000000000000000       -10.998778195869125
 676.000000000000000       -11.000362317532128
 678.000000000000000       -11.001949380044493
 680.000000000000000       -11.003539376303010
 682.000000000000000       -11.005132298466803
 684.000000000000000       -11.006728141145274
 686.000000000000000       -11.008326893601748
 688.000000000000000       -11.009928547983479
 690.000000000000000       -11.011533096313732
 692.000000000000000       -11.013140533823710
 694.000000000000000       -11.014750849559528
 696.000000000000000       -11.016364037867094
 698.000000000000000       -11.017980092217670
 700.000000000000000       -11.019599002355680
 702.000000000000000       -11.021220762345653
 704.000000000000000       -11.022845365344597
 706.000000000000000       -11.024472803213346
 708.000000000000000       -11.026103067243868
 710.000000000000000       -11.027736153470546
 712.000000000000000       -11.029372049535080
 714.000000000000000       -11.031010753609507
 716.000000000000000       -11.032652257790062
 718.000000000000000       -11.034296549524102
 720.000000000000000       -11.035943627612026
 722.000000000000000       -11.037593481827580
 724.000000000000000       -11.039246105092152
 726.000000000000000       -11.040901494591662
 728.000000000000000       -11.042559636890173
 730.000000000000000       -11.044220532065014
 732.000000000000000       -11.045884164804633
 734.000000000000000       -11.047550534738557
 736.000000000000000       -11.049219632822352
 738.000000000000000       -11.050891452622460
 740.000000000000000       -11.052565987891347
 742.000000000000000       -11.054243228284340
 744.000000000000000       -11.055923171369981
 746.000000000000000       -11.057605811135259
 748.000000000000000       -11.059291135624676
 750.000000000000000       -11.060979144089059
 752.000000000000000       -11.062669824902803
 754.000000000000000       -11.064363174925285
 756.000000000000000       -11.066059184964779
 758.000000000000000       -11.067757853314360
 760.000000000000000       -11.069459165906409
 762.000000000000000       -11.071163122452795
 764.000000000000000       -11.072869715324481
 766.000000000000000       -11.074578937397034
 768.000000000000000       -11.076290780418875
 770.000000000000000       -11.078005240748375
 772.000000000000000       -11.079722312893036
 774.000000000000000       -11.081441986718280
 776.000000000000000       -11.083164259519997
 778.000000000000000       -11.084889124962404
 780.000000000000000       -11.086616571745990
 782.000000000000000       -11.088346603427505
 784.000000000000000       -11.090079203015692
 786.000000000000000       -11.091814370986933
 788.000000000000000       -11.093552101700089
 790.000000000000000       -11.095292384322264
 792.000000000000000       -11.097035218139853
 794.000000000000000       -11.098780594490727
 796.000000000000000       -11.100528507445889
 798.000000000000000       -11.102278950229918
 800.000000000000000       -11.104031920226644
 802.000000000000000       -11.105787407379124
 804.000000000000000       -11.107545408401217
 806.000000000000000       -11.109305916582644
 808.000000000000000       -11.111068925674310
 810.000000000000000       -11.112834430730373
 812.000000000000000       -11.114602427491702
 814.000000000000000       -11.116372908735453
 816.000000000000000       -11.118145867269368
 818.000000000000000       -11.119921299983105
 820.000000000000000       -11.121699197622277
 822.000000000000000       -11.123479557176495
 824.000000000000000       -11.125262377626383
 826.000000000000000       -11.127047644051682
 828.000000000000000       -11.128835356111372
 830.000000000000000       -11.130625509048945
 832.000000000000000       -11.132418095857403
 834.000000000000000       -11.134213110382902
 836.000000000000000       -11.136010548403775
 838.000000000000000       -11.137810405225393
 840.000000000000000       -11.139612672431902
 842.000000000000000       -11.141417346159571
 844.000000000000000       -11.143224421906837
 846.000000000000000       -11.145033895335146
 848.000000000000000       -11.146845757493574
 850.000000000000000       -11.148660005242029
 852.000000000000000       -11.150476633996574
 854.000000000000000       -11.152295639325187
 856.000000000000000       -11.154117011815815
 858.000000000000000       -11.155940750787789
 860.000000000000000       -11.157766848263417
 862.000000000000000       -11.159595299816038
 864.000000000000000       -11.161426099330033
 866.000000000000000       -11.163259246133912
 868.000000000000000       -11.165094730177056
 870.000000000000000       -11.166932548800013
 872.000000000000000       -11.168772695321245
 874.000000000000000       -11.170615166549144
 876.000000000000000       -11.172459956404969
 878.000000000000000       -11.174307059051619
 880.000000000000000       -11.176156469134076
 882.000000000000000       -11.178008187684558
 884.000000000000000       -11.179862203323493
 886.000000000000000       -11.181718515646914
 888.000000000000000       -11.183577110547773
 890.000000000000000       -11.185437995861630
 892.000000000000000       -11.187301155531481
 894.000000000000000       -11.189166594116392
 896.000000000000000       -11.191034299134447
 898.000000000000000       -11.192904274769809
 900.000000000000000       -11.194776504145231
