   0.000000000000000         0.000000000000000
   2.000000000000000        -2.211552971248135
   4.000000000000000        -2.794968658244996
   6.000000000000000        -1.458123814126365
   8.000000000000000        -0.628543421262302
  10.000000000000000        -0.384031749933071
  12.000000000000000        -0.333494703929731
  14.000000000000000        -0.331231967520393
  16.000000000000000        -0.329211146857748
  18.000000000000000        -0.345296909448967
  20.000000000000000        -0.386837788365097
  22.000000000000000        -0.429434247732427
  24.000000000000000        -0.460504179981461
  26.000000000000000        -0.494154176075507
  28.000000000000000        -0.520956313933098
  30.000000000000000        -0.540472641507519
  32.000000000000000        -0.557290947099293
  34.000000000000000        -0.569834615698065
  36.000000000000000        -0.579361396204127
  38.000000000000000        -0.585682996798767
  40.000000000000000        -0.589638754832121
  42.000000000000000        -0.591722725273068
  44.000000000000000        -0.591190340118004
  46.000000000000000        -0.589414699658420
  48.000000000000000        -0.586013813028181
  50.000000000000000        -0.580847783104007
  52.000000000000000        -0.574693871735113
  54.000000000000000        -0.567224961659413
  56.000000000000000        -0.558917399858098
  58.000000000000000        -0.549021542315095
  60.000000000000000        -0.538126275029782
  62.000000000000000        -0.526823847183897
  64.000000000000000        -0.514485695179424
  66.000000000000000        -0.500973171705791
  68.000000000000000        -0.486836181639668
  70.000000000000000        -0.472226365944373
  72.000000000000000        -0.456956567134518
  74.000000000000000        -0.441251001206983
  76.000000000000000        -0.425045915570384
  78.000000000000000        -0.408522742464841
  80.000000000000000        -0.391569938380675
  82.000000000000000        -0.374451743002066
  84.000000000000000        -0.357178038235627
  86.000000000000000        -0.339819126768608
  88.000000000000000        -0.322333914916908
  90.000000000000000        -0.304827305131050
  92.000000000000000        -0.287592986747266
  94.000000000000000        -0.270160871255474
  96.000000000000000        -0.252828231135385
  98.000000000000000        -0.235903037701372
 100.000000000000000        -0.219001199529408
 102.000000000000000        -0.202284581242599
 104.000000000000000        -0.185951305554667
 106.000000000000000        -0.169786622966413
 108.000000000000000        -0.153869283560342
 110.000000000000000        -0.138303332945279
 112.000000000000000        -0.122995033822234
 114.000000000000000        -0.108029910675560
 116.000000000000000        -0.093463054010589
 118.000000000000000        -0.079157701912558
 120.000000000000000        -0.065132103063200
 122.000000000000000        -0.051489534322541
 124.000000000000000        -0.038189538784704
 126.000000000000000        -0.025192502436598
 128.000000000000000        -0.012473900422234
 130.000000000000000        -0.000172617953206
 132.000000000000000         0.011766286099995
 134.000000000000000         0.023516631568735
 136.000000000000000         0.034830283007722
 138.000000000000000         0.045920950708497
 140.000000000000000         0.056715194744246
 142.000000000000000         0.067135248145865
 144.000000000000000         0.077333221908739
 146.000000000000000         0.087235211235920
 148.000000000000000         0.096867381929489
 150.000000000000000         0.106190267629421
 152.000000000000000         0.115290754937319
 154.000000000000000         0.124141375158360
 156.000000000000000         0.132718374065067
 158.000000000000000         0.141081348646453
 160.000000000000000         0.149175044983840
 162.000000000000000         0.157063482489677
 164.000000000000000         0.164774710582334
 166.000000000000000         0.172212802700913
 168.000000000000000         0.179418605056861
 170.000000000000000         0.186472606941826
 172.000000000000000         0.193375122163398
 174.000000000000000         0.200015443478309
 176.000000000000000         0.206477679682898
 178.000000000000000         0.212810666154358
 180.000000000000000         0.218931595822590
 182.000000000000000         0.224881706269016
 184.000000000000000         0.230710176561592
 186.000000000000000         0.236353983007401
 188.000000000000000         0.241826989610845
 190.000000000000000         0.247196040827353
 192.000000000000000         0.252418609556379
 194.000000000000000         0.257483234981147
 196.000000000000000         0.262430713475929
 198.000000000000000         0.267239193767273
 200.000000000000000         0.271937976498018
 202.000000000000000         0.276514288790401
 204.000000000000000         0.280944172202480
 206.000000000000000         0.285288385373644
 208.000000000000000         0.289530306037788
 210.000000000000000         0.293646969769228
 212.000000000000000         0.297658729443689
 214.000000000000000         0.301587456528869
 216.000000000000000         0.305414370564560
 218.000000000000000         0.309133196949918
 220.000000000000000         0.312776004282283
 222.000000000000000         0.316329221181615
 224.000000000000000         0.319797155618508
 226.000000000000000         0.323198428221993
 228.000000000000000         0.326491238520111
 230.000000000000000         0.329704329095508
 232.000000000000000         0.332868582669143
 234.000000000000000         0.335938934363965
 236.000000000000000         0.338941175393063
 238.000000000000000         0.341886691847600
 240.000000000000000         0.344762264666431
 242.000000000000000         0.347572121843542
 244.000000000000000         0.350298176579319
 246.000000000000000         0.352979019121333
 248.000000000000000         0.355614704690697
 250.000000000000000         0.358171541049057
 252.000000000000000         0.360674069386677
 254.000000000000000         0.363124702434410
 256.000000000000000         0.365527428782422
 258.000000000000000         0.367887504828646
 260.000000000000000         0.370174876270557
 262.000000000000000         0.372413277050987
 264.000000000000000         0.374631710473208
 266.000000000000000         0.376788056934798
 268.000000000000000         0.378891986493295
 270.000000000000000         0.380963951367216
 272.000000000000000         0.382983193433044
 274.000000000000000         0.384971245150586
 276.000000000000000         0.386910181809142
 278.000000000000000         0.388814056562331
 280.000000000000000         0.390683149498512
 282.000000000000000         0.392511580124723
 284.000000000000000         0.394304067203594
 286.000000000000000         0.396056334799921
 288.000000000000000         0.397786211692986
 290.000000000000000         0.399468966465805
 292.000000000000000         0.401132010220901
 294.000000000000000         0.402768021765617
 296.000000000000000         0.404335542098391
 298.000000000000000         0.405902978186542
 300.000000000000000         0.407452440000194
 302.000000000000000         0.408957741146969
 304.000000000000000         0.410431195599154
 306.000000000000000         0.411880578051707
 308.000000000000000         0.413313258202328
 310.000000000000000         0.414707459765220
 312.000000000000000         0.416063582357450
 314.000000000000000         0.417436026478871
 316.000000000000000         0.418768934622773
 318.000000000000000         0.420040152090752
 320.000000000000000         0.421321805348236
 322.000000000000000         0.422585364483277
 324.000000000000000         0.423812679271908
 326.000000000000000         0.425026428148209
 328.000000000000000         0.426209846049619
 330.000000000000000         0.427379655399582
 332.000000000000000         0.428551489029668
 334.000000000000000         0.429693029884320
 336.000000000000000         0.430771439547636
 338.000000000000000         0.431861461245192
 340.000000000000000         0.432963923722066
 342.000000000000000         0.434013233385088
 344.000000000000000         0.435049123126280
 346.000000000000000         0.436069880979019
 348.000000000000000         0.437067982355318
 350.000000000000000         0.438053280440951
 352.000000000000000         0.439054618081924
 354.000000000000000         0.440021550349901
 356.000000000000000         0.440921715481221
 358.000000000000000         0.441845853427092
 360.000000000000000         0.442781258001927
 362.000000000000000         0.443679282392220
 364.000000000000000         0.444601262807862
 366.000000000000000         0.445451794154272
 368.000000000000000         0.446274498190233
 370.000000000000000         0.447146721288225
 372.000000000000000         0.447955911524177
 374.000000000000000         0.448783291887473
 376.000000000000000         0.449626702422334
 378.000000000000000         0.450380030645572
 380.000000000000000         0.451169030414770
 382.000000000000000         0.451949661530407
 384.000000000000000         0.452708281553199
 386.000000000000000         0.453480854032329
 388.000000000000000         0.454167284744405
 390.000000000000000         0.454899357401154
 392.000000000000000         0.455645169132268
 394.000000000000000         0.456359973834042
 396.000000000000000         0.457063364112635
 398.000000000000000         0.457752914330039
 400.000000000000000         0.458418014114422
 402.000000000000000         0.459049708471759
 404.000000000000000         0.459745761577892
 406.000000000000000         0.460392065902697
 408.000000000000000         0.460994263754937
 410.000000000000000         0.461671716269264
 412.000000000000000         0.462292085525377
 414.000000000000000         0.462898330660866
 416.000000000000000         0.463536734207860
 418.000000000000000         0.464099833670757
 420.000000000000000         0.464654479524045
 422.000000000000000         0.465253801610794
 424.000000000000000         0.465861251311286
 426.000000000000000         0.466432439193169
 428.000000000000000         0.466991041350811
 430.000000000000000         0.467508158923253
 432.000000000000000         0.468084607395245
 434.000000000000000         0.468648167855036
 436.000000000000000         0.469086772364820
 438.000000000000000         0.469648899013614
 440.000000000000000         0.470210137193205
 442.000000000000000         0.470690691923115
 444.000000000000000         0.471224650014617
 446.000000000000000         0.471702148681698
 448.000000000000000         0.472180433401000
 450.000000000000000         0.472698969046409
 452.000000000000000         0.473173858798191
 454.000000000000000         0.473620134633530
 456.000000000000000         0.474112630210759
 458.000000000000000         0.474565671195306
 460.000000000000000         0.474993587698019
 462.000000000000000         0.475495603770083
 464.000000000000000         0.475934086171660
 466.000000000000000         0.476328481141345
 468.000000000000000         0.476782861421567
 470.000000000000000         0.477270098774812
 472.000000000000000         0.477663807086189
 474.000000000000000         0.478084745997391
 476.000000000000000         0.478513839308248
 478.000000000000000         0.478869282685409
 480.000000000000000         0.479276672702315
 482.000000000000000         0.479754521994517
 484.000000000000000         0.480170301856304
 486.000000000000000         0.480529965707096
 488.000000000000000         0.480860862992071
 490.000000000000000         0.481253348920254
 492.000000000000000         0.481697612186054
 494.000000000000000         0.482005785086202
 496.000000000000000         0.482374536682479
 498.000000000000000         0.482791282828681
 500.000000000000000         0.483190219434863
 502.000000000000000         0.483486597993532
 504.000000000000000         0.483801768830479
 506.000000000000000         0.484229014783963
 508.000000000000000         0.484558458912009
 510.000000000000000         0.484855253131989
 512.000000000000000         0.485240347335230
 514.000000000000000         0.485626177164873
 516.000000000000000         0.485907689566451
 518.000000000000000         0.486246186740667
 520.000000000000000         0.486539781764305
 522.000000000000000         0.486864224709692
 524.000000000000000         0.487232558189974
 526.000000000000000         0.487497665560545
 528.000000000000000         0.487814813505041
 530.000000000000000         0.488157622638422
 532.000000000000000         0.488499727999734
 534.000000000000000         0.488731861048608
 536.000000000000000         0.489025806392586
 538.000000000000000         0.489428801907183
 540.000000000000000         0.489661741799400
 542.000000000000000         0.489956970276854
 544.000000000000000         0.490260151969767
 546.000000000000000         0.490516688065238
 548.000000000000000         0.490818288882955
 550.000000000000000         0.491083903901234
 552.000000000000000         0.491369622988425
 554.000000000000000         0.491658157343173
 556.000000000000000         0.491908738689261
 558.000000000000000         0.492181065787380
 560.000000000000000         0.492447190567814
 562.000000000000000         0.492731576865829
 564.000000000000000         0.492995988707404
 566.000000000000000         0.493265033557844
 568.000000000000000         0.493513548321865
 570.000000000000000         0.493725071970237
 572.000000000000000         0.494027326394597
 574.000000000000000         0.494247998918350
 576.000000000000000         0.494504443202947
 578.000000000000000         0.494767101049581
 580.000000000000000         0.495013818565622
 582.000000000000000         0.495302905583833
 584.000000000000000         0.495489764437658
 586.000000000000000         0.495733052179810
 588.000000000000000         0.495935829362850
 590.000000000000000         0.496130584693504
 592.000000000000000         0.496451655522700
 594.000000000000000         0.496715451221573
 596.000000000000000         0.496954598523065
 598.000000000000000         0.497092740453219
 600.000000000000000         0.497246099558362
 602.000000000000000         0.497569044708252
 604.000000000000000         0.497804676516173
 606.000000000000000         0.497995282295131
 608.000000000000000         0.498231081357870
 610.000000000000000         0.498446593233104
 612.000000000000000         0.498623619885719
 614.000000000000000         0.498810269650603
 616.000000000000000         0.499018192487548
 618.000000000000000         0.499256505250944
 620.000000000000000         0.499459560761904
 622.000000000000000         0.499721967741597
 624.000000000000000         0.499901607269113
 626.000000000000000         0.500041627703195
 628.000000000000000         0.500327611624959
 630.000000000000000         0.500522867100516
 632.000000000000000         0.500621896907289
 634.000000000000000         0.500822893631257
 636.000000000000000         0.501098533276834
 638.000000000000000         0.501287374827725
 640.000000000000000         0.501358311840092
 642.000000000000000         0.501607800690135
 644.000000000000000         0.501882599053654
 646.000000000000000         0.501916657862702
 648.000000000000000         0.502201469241572
 650.000000000000000         0.502480961163158
 652.000000000000000         0.502538681724887
 654.000000000000000         0.502722298160792
 656.000000000000000         0.502850295606997
 658.000000000000000         0.503013008872582
 660.000000000000000         0.503281698609654
 662.000000000000000         0.503418273546217
 664.000000000000000         0.503595045025735
 666.000000000000000         0.503851800266154
 668.000000000000000         0.504046759603443
 670.000000000000000         0.504064499584408
 672.000000000000000         0.504236090533096
 674.000000000000000         0.504506491735331
 676.000000000000000         0.504610847016613
 678.000000000000000         0.504739186810103
 680.000000000000000         0.504902331108577
 682.000000000000000         0.505122953563857
 684.000000000000000         0.505336025506884
 686.000000000000000         0.505455590062784
 688.000000000000000         0.505573658555534
 690.000000000000000         0.505749791715680
 692.000000000000000         0.505903000112157
 694.000000000000000         0.506031396394714
 696.000000000000000         0.506223079765351
 698.000000000000000         0.506369001720602
 700.000000000000000         0.506515237703983
 702.000000000000000         0.506702207644095
 704.000000000000000         0.506867300966714
 706.000000000000000         0.506973006324583
 708.000000000000000         0.507129899991002
 710.000000000000000         0.507248489107724
 712.000000000000000         0.507395279211715
 714.000000000000000         0.507622280022314
 716.000000000000000         0.507689332221436
 718.000000000000000         0.507815081316003
 720.000000000000000         0.508011589948510
 722.000000000000000         0.508083818279875
 724.000000000000000         0.508266722608655
 726.000000000000000         0.508449290516924
 728.000000000000000         0.508599634785191
 730.000000000000000         0.508696939774977
 732.000000000000000         0.508776156726569
 734.000000000000000         0.508988820466628
 736.000000000000000         0.509107693207213
 738.000000000000000         0.509254827636755
 740.000000000000000         0.509346158635963
 742.000000000000000         0.509414438409824
 744.000000000000000         0.509660439193616
 746.000000000000000         0.509800834381145
 748.000000000000000         0.509910848477589
 750.000000000000000         0.510045076290263
 752.000000000000000         0.510161145370986
 754.000000000000000         0.510249919538545
 756.000000000000000         0.510425812517746
 758.000000000000000         0.510567062634402
 760.000000000000000         0.510621519941274
 762.000000000000000         0.510811824828534
 764.000000000000000         0.510933953286142
 766.000000000000000         0.511030321138039
 768.000000000000000         0.511134690301347
 770.000000000000000         0.511284874681020
 772.000000000000000         0.511420331893306
 774.000000000000000         0.511502462171254
 776.000000000000000         0.511667289224116
 778.000000000000000         0.511715602260964
 780.000000000000000         0.511893648567777
 782.000000000000000         0.512046307514531
 784.000000000000000         0.512061404224591
 786.000000000000000         0.512248518676227
 788.000000000000000         0.512326816630049
 790.000000000000000         0.512479064173844
 792.000000000000000         0.512632690066362
 794.000000000000000         0.512688700824727
 796.000000000000000         0.512791171949535
 798.000000000000000         0.512965360457246
 800.000000000000000         0.513055363650048
 802.000000000000000         0.513136844851791
 804.000000000000000         0.513257834278435
 806.000000000000000         0.513344135989026
 808.000000000000000         0.513447104552123
 810.000000000000000         0.513572991196517
 812.000000000000000         0.513767915336073
 814.000000000000000         0.513840133075298
 816.000000000000000         0.513902601884681
 818.000000000000000         0.513973720560843
 820.000000000000000         0.514033924370699
 822.000000000000000         0.514281871274786
 824.000000000000000         0.514381346533982
 826.000000000000000         0.514378560889175
 828.000000000000000         0.514548202916927
 830.000000000000000         0.514688949922861
 832.000000000000000         0.514755910961171
 834.000000000000000         0.514858530449249
 836.000000000000000         0.515018474611713
 838.000000000000000         0.515075523747805
 840.000000000000000         0.515101098418182
 842.000000000000000         0.515242951721430
 844.000000000000000         0.515417142570638
 846.000000000000000         0.515472559010932
 848.000000000000000         0.515503992909335
 850.000000000000000         0.515653299801960
 852.000000000000000         0.515816178028052
 854.000000000000000         0.515852053006044
 856.000000000000000         0.515942515745684
 858.000000000000000         0.516088372686153
 860.000000000000000         0.516111598682491
 862.000000000000000         0.516184397449447
 864.000000000000000         0.516356931557922
 866.000000000000000         0.516476717888577
 868.000000000000000         0.516556157668223
 870.000000000000000         0.516624845304410
 872.000000000000000         0.516714624082132
 874.000000000000000         0.516832853133192
 876.000000000000000         0.516886444581948
 878.000000000000000         0.516932632557720
 880.000000000000000         0.517109241557966
 882.000000000000000         0.517260307071004
 884.000000000000000         0.517368799207560
 886.000000000000000         0.517343788889831
 888.000000000000000         0.517436483888652
 890.000000000000000         0.517570166003470
 892.000000000000000         0.517583446402573
 894.000000000000000         0.517696800862104
 896.000000000000000         0.517854740725874
 898.000000000000000         0.517917609815200
 900.000000000000000         0.517916653069765
