# Volume points
  36.10104    0.24782   0.24434   0.22628   0.19301   0.14652   0.08894   0.02201  -0.05296  -0.13495  -0.22314
  38.40468    0.10322   0.10029   0.08305   0.04994   0.00319  -0.05485  -0.12238  -0.19802  -0.28072  -0.36968
  40.80430    0.05367   0.05091   0.03354  -0.00041  -0.04837  -0.10782  -0.17687  -0.25409  -0.33842  -0.42903
  43.30185    0.08247   0.07990   0.06249   0.02791  -0.02099  -0.08152  -0.15173  -0.23017  -0.31575  -0.40762
  45.89929    0.17843   0.17586   0.15783   0.12197   0.07152   0.00927  -0.06272  -0.14299  -0.23043  -0.32418

# Fitted data
  36.10104    0.24778   0.24431   0.22627   0.19302   0.14655   0.08900   0.02210  -0.05285  -0.13480  -0.22298
  36.15003    0.24353   0.24007   0.22205   0.18881   0.14234   0.08479   0.01787  -0.05708  -0.13905  -0.22724
  36.19902    0.23933   0.23588   0.21789   0.18466   0.13819   0.08063   0.01371  -0.06126  -0.14324  -0.23144
  36.24801    0.23518   0.23175   0.21379   0.18056   0.13409   0.07653   0.00959  -0.06539  -0.14738  -0.23559
  36.29700    0.23110   0.22768   0.20974   0.17652   0.13005   0.07247   0.00553  -0.06946  -0.15147  -0.23970
  36.34599    0.22706   0.22366   0.20574   0.17253   0.12606   0.06848   0.00152  -0.07348  -0.15550  -0.24374
  36.39498    0.22309   0.21970   0.20180   0.16860   0.12212   0.06453  -0.00243  -0.07745  -0.15948  -0.24774
  36.44398    0.21916   0.21579   0.19791   0.16472   0.11824   0.06064  -0.00634  -0.08136  -0.16341  -0.25168
  36.49297    0.21530   0.21194   0.19408   0.16089   0.11441   0.05680  -0.01019  -0.08523  -0.16729  -0.25558
  36.54196    0.21148   0.20813   0.19030   0.15711   0.11063   0.05301  -0.01399  -0.08904  -0.17112  -0.25942
  36.59095    0.20772   0.20439   0.18657   0.15339   0.10690   0.04928  -0.01773  -0.09280  -0.17490  -0.26321
  36.63994    0.20401   0.20069   0.18289   0.14972   0.10323   0.04559  -0.02143  -0.09651  -0.17862  -0.26695
  36.68893    0.20036   0.19705   0.17927   0.14611   0.09960   0.04196  -0.02507  -0.10017  -0.18230  -0.27064
  36.73792    0.19676   0.19346   0.17570   0.14254   0.09603   0.03838  -0.02867  -0.10378  -0.18592  -0.27428
  36.78691    0.19321   0.18992   0.17218   0.13902   0.09251   0.03485  -0.03221  -0.10734  -0.18949  -0.27788
  36.83591    0.18971   0.18644   0.16872   0.13556   0.08904   0.03137  -0.03571  -0.11085  -0.19302  -0.28142
  36.88490    0.18626   0.18300   0.16530   0.13215   0.08562   0.02794  -0.03915  -0.11431  -0.19650  -0.28491
  36.93389    0.18287   0.17962   0.16193   0.12878   0.08226   0.02456  -0.04254  -0.11772  -0.19992  -0.28836
  36.98288    0.17952   0.17629   0.15862   0.12547   0.07894   0.02123  -0.04589  -0.12108  -0.20330  -0.29175
  37.03187    0.17623   0.17301   0.15535   0.12221   0.07567   0.01795  -0.04919  -0.12439  -0.20663  -0.29510
  37.08086    0.17299   0.16978   0.15214   0.11900   0.07245   0.01472  -0.05243  -0.12765  -0.20991  -0.29840
  37.12985    0.16980   0.16660   0.14897   0.11583   0.06928   0.01153  -0.05563  -0.13087  -0.21315  -0.30165
  37.17884    0.16665   0.16346   0.14586   0.11272   0.06615   0.00840  -0.05878  -0.13404  -0.21633  -0.30486
  37.22784    0.16356   0.16038   0.14279   0.10965   0.06308   0.00531  -0.06189  -0.13716  -0.21947  -0.30802
  37.27683    0.16052   0.15735   0.13977   0.10663   0.06005   0.00227  -0.06494  -0.14023  -0.22256  -0.31113
  37.32582    0.15752   0.15436   0.13680   0.10366   0.05707  -0.00072  -0.06795  -0.14326  -0.22561  -0.31419
  37.37481    0.15458   0.15143   0.13388   0.10074   0.05414  -0.00367  -0.07091  -0.14624  -0.22861  -0.31721
  37.42380    0.15168   0.14854   0.13101   0.09787   0.05126  -0.00657  -0.07383  -0.14917  -0.23156  -0.32018
  37.47279    0.14883   0.14570   0.12818   0.09504   0.04842  -0.00942  -0.07669  -0.15206  -0.23447  -0.32311
  37.52178    0.14603   0.14291   0.12540   0.09226   0.04563  -0.01222  -0.07952  -0.15490  -0.23733  -0.32599
  37.57077    0.14327   0.14016   0.12267   0.08953   0.04289  -0.01498  -0.08229  -0.15769  -0.24014  -0.32883
  37.61977    0.14056   0.13747   0.11998   0.08684   0.04019  -0.01769  -0.08502  -0.16044  -0.24291  -0.33162
  37.66876    0.13790   0.13481   0.11734   0.08420   0.03754  -0.02036  -0.08771  -0.16315  -0.24564  -0.33436
  37.71775    0.13529   0.13221   0.11475   0.08160   0.03493  -0.02298  -0.09035  -0.16581  -0.24832  -0.33707
  37.76674    0.13272   0.12965   0.11220   0.07905   0.03237  -0.02556  -0.09294  -0.16842  -0.25095  -0.33972
  37.81573    0.13020   0.12714   0.10970   0.07655   0.02985  -0.02809  -0.09549  -0.17099  -0.25355  -0.34234
  37.86472    0.12772   0.12467   0.10725   0.07409   0.02738  -0.03058  -0.09800  -0.17352  -0.25609  -0.34491
  37.91371    0.12529   0.12225   0.10484   0.07167   0.02495  -0.03302  -0.10046  -0.17600  -0.25860  -0.34743
  37.96270    0.12291   0.11987   0.10247   0.06930   0.02257  -0.03542  -0.10288  -0.17844  -0.26106  -0.34992
  38.01170    0.12057   0.11754   0.10015   0.06698   0.02023  -0.03778  -0.10526  -0.18084  -0.26348  -0.35236
  38.06069    0.11827   0.11525   0.09787   0.06469   0.01794  -0.04009  -0.10759  -0.18319  -0.26585  -0.35476
  38.10968    0.11602   0.11301   0.09564   0.06246   0.01569  -0.04236  -0.10988  -0.18550  -0.26818  -0.35711
  38.15867    0.11381   0.11081   0.09345   0.06026   0.01348  -0.04459  -0.11212  -0.18777  -0.27047  -0.35943
  38.20766    0.11165   0.10866   0.09130   0.05811   0.01131  -0.04677  -0.11433  -0.18999  -0.27272  -0.36170
  38.25665    0.10953   0.10654   0.08920   0.05600   0.00919  -0.04891  -0.11649  -0.19218  -0.27493  -0.36393
  38.30564    0.10745   0.10448   0.08714   0.05393   0.00711  -0.05101  -0.11861  -0.19432  -0.27709  -0.36611
  38.35464    0.10542   0.10245   0.08512   0.05191   0.00507  -0.05307  -0.12069  -0.19642  -0.27922  -0.36826
  38.40363    0.10343   0.10047   0.08314   0.04993   0.00308  -0.05508  -0.12272  -0.19848  -0.28130  -0.37037
  38.45262    0.10148   0.09853   0.08121   0.04799   0.00112  -0.05705  -0.12472  -0.20049  -0.28334  -0.37243
  38.50161    0.09957   0.09663   0.07932   0.04609  -0.00079  -0.05899  -0.12667  -0.20247  -0.28534  -0.37446
  38.55060    0.09771   0.09477   0.07747   0.04423  -0.00266  -0.06088  -0.12858  -0.20441  -0.28730  -0.37644
  38.59959    0.09589   0.09296   0.07566   0.04242  -0.00449  -0.06273  -0.13045  -0.20630  -0.28922  -0.37838
  38.64858    0.09411   0.09118   0.07389   0.04064  -0.00628  -0.06454  -0.13229  -0.20816  -0.29110  -0.38029
  38.69757    0.09237   0.08945   0.07217   0.03891  -0.00803  -0.06631  -0.13408  -0.20997  -0.29294  -0.38215
  38.74657    0.09067   0.08776   0.07048   0.03722  -0.00974  -0.06803  -0.13583  -0.21175  -0.29474  -0.38398
  38.79556    0.08901   0.08611   0.06884   0.03556  -0.01141  -0.06972  -0.13754  -0.21348  -0.29650  -0.38576
  38.84455    0.08740   0.08450   0.06723   0.03395  -0.01304  -0.07137  -0.13921  -0.21518  -0.29822  -0.38751
  38.89354    0.08582   0.08293   0.06567   0.03238  -0.01463  -0.07298  -0.14085  -0.21684  -0.29990  -0.38922
  38.94253    0.08429   0.08140   0.06414   0.03084  -0.01618  -0.07456  -0.14244  -0.21845  -0.30155  -0.39089
  38.99152    0.08279   0.07991   0.06266   0.02935  -0.01769  -0.07609  -0.14400  -0.22003  -0.30315  -0.39252
  39.04051    0.08133   0.07846   0.06121   0.02789  -0.01917  -0.07758  -0.14551  -0.22158  -0.30472  -0.39411
  39.08950    0.07992   0.07705   0.05980   0.02648  -0.02060  -0.07904  -0.14699  -0.22308  -0.30625  -0.39567
  39.13850    0.07854   0.07568   0.05844   0.02510  -0.02200  -0.08045  -0.14843  -0.22455  -0.30774  -0.39719
  39.18749    0.07720   0.07434   0.05711   0.02376  -0.02335  -0.08183  -0.14983  -0.22597  -0.30919  -0.39867
  39.23648    0.07590   0.07305   0.05581   0.02246  -0.02467  -0.08317  -0.15120  -0.22736  -0.31061  -0.40011
  39.28547    0.07464   0.07179   0.05456   0.02119  -0.02595  -0.08448  -0.15253  -0.22872  -0.31199  -0.40152
  39.33446    0.07341   0.07057   0.05335   0.01997  -0.02720  -0.08574  -0.15382  -0.23003  -0.31333  -0.40289
  39.38345    0.07223   0.06939   0.05217   0.01878  -0.02841  -0.08697  -0.15507  -0.23131  -0.31464  -0.40422
  39.43244    0.07108   0.06825   0.05103   0.01763  -0.02957  -0.08817  -0.15629  -0.23255  -0.31590  -0.40551
  39.48143    0.06997   0.06715   0.04993   0.01651  -0.03071  -0.08932  -0.15747  -0.23376  -0.31714  -0.40677
  39.53043    0.06889   0.06608   0.04886   0.01544  -0.03180  -0.09044  -0.15861  -0.23493  -0.31833  -0.40800
  39.57942    0.06786   0.06505   0.04783   0.01440  -0.03286  -0.09152  -0.15972  -0.23606  -0.31949  -0.40919
  39.62841    0.06686   0.06405   0.04684   0.01339  -0.03389  -0.09257  -0.16079  -0.23716  -0.32062  -0.41034
  39.67740    0.06590   0.06309   0.04588   0.01242  -0.03487  -0.09358  -0.16183  -0.23822  -0.32171  -0.41146
  39.72639    0.06497   0.06217   0.04496   0.01149  -0.03583  -0.09455  -0.16283  -0.23925  -0.32276  -0.41254
  39.77538    0.06408   0.06129   0.04408   0.01059  -0.03674  -0.09549  -0.16379  -0.24024  -0.32378  -0.41359
  39.82437    0.06323   0.06044   0.04323   0.00973  -0.03762  -0.09640  -0.16472  -0.24120  -0.32476  -0.41460
  39.87336    0.06241   0.05962   0.04242   0.00891  -0.03847  -0.09727  -0.16561  -0.24212  -0.32571  -0.41558
  39.92236    0.06162   0.05885   0.04164   0.00812  -0.03928  -0.09810  -0.16647  -0.24301  -0.32663  -0.41652
  39.97135    0.06088   0.05810   0.04090   0.00736  -0.04005  -0.09890  -0.16730  -0.24386  -0.32751  -0.41743
  40.02034    0.06016   0.05740   0.04019   0.00664  -0.04080  -0.09966  -0.16809  -0.24468  -0.32836  -0.41830
  40.06933    0.05949   0.05672   0.03952   0.00595  -0.04150  -0.10040  -0.16885  -0.24546  -0.32917  -0.41914
  40.11832    0.05885   0.05609   0.03888   0.00530  -0.04217  -0.10109  -0.16957  -0.24621  -0.32995  -0.41995
  40.16731    0.05824   0.05548   0.03827   0.00469  -0.04281  -0.10175  -0.17026  -0.24693  -0.33069  -0.42072
  40.21630    0.05766   0.05491   0.03770   0.00410  -0.04342  -0.10238  -0.17092  -0.24761  -0.33140  -0.42146
  40.26529    0.05712   0.05438   0.03717   0.00355  -0.04399  -0.10298  -0.17154  -0.24826  -0.33208  -0.42217
  40.31429    0.05662   0.05388   0.03666   0.00304  -0.04453  -0.10354  -0.17213  -0.24888  -0.33273  -0.42285
  40.36328    0.05615   0.05341   0.03620   0.00255  -0.04503  -0.10407  -0.17268  -0.24946  -0.33334  -0.42349
  40.41227    0.05571   0.05297   0.03576   0.00210  -0.04550  -0.10457  -0.17321  -0.25001  -0.33392  -0.42410
  40.46126    0.05530   0.05257   0.03536   0.00168  -0.04594  -0.10503  -0.17370  -0.25053  -0.33447  -0.42468
  40.51025    0.05493   0.05220   0.03499   0.00130  -0.04635  -0.10546  -0.17415  -0.25102  -0.33498  -0.42522
  40.55924    0.05459   0.05187   0.03465   0.00095  -0.04672  -0.10586  -0.17458  -0.25147  -0.33547  -0.42573
  40.60823    0.05429   0.05157   0.03435   0.00063  -0.04706  -0.10623  -0.17497  -0.25189  -0.33592  -0.42621
  40.65723    0.05401   0.05130   0.03408   0.00034  -0.04737  -0.10656  -0.17534  -0.25228  -0.33634  -0.42666
  40.70622    0.05377   0.05106   0.03384   0.00009  -0.04765  -0.10686  -0.17567  -0.25264  -0.33673  -0.42708
  40.75521    0.05356   0.05085   0.03363  -0.00014  -0.04789  -0.10714  -0.17596  -0.25297  -0.33708  -0.42747
  40.80420    0.05339   0.05068   0.03345  -0.00033  -0.04811  -0.10738  -0.17623  -0.25327  -0.33741  -0.42782
  40.85319    0.05324   0.05054   0.03331  -0.00049  -0.04829  -0.10758  -0.17647  -0.25353  -0.33770  -0.42815
  40.90218    0.05313   0.05043   0.03319  -0.00062  -0.04844  -0.10776  -0.17667  -0.25377  -0.33797  -0.42844
  40.95117    0.05305   0.05035   0.03311  -0.00071  -0.04856  -0.10791  -0.17685  -0.25397  -0.33820  -0.42870
  41.00016    0.05300   0.05030   0.03306  -0.00078  -0.04865  -0.10802  -0.17699  -0.25414  -0.33840  -0.42894
  41.04916    0.05298   0.05028   0.03304  -0.00082  -0.04871  -0.10811  -0.17710  -0.25428  -0.33857  -0.42914
  41.09815    0.05299   0.05030   0.03305  -0.00082  -0.04874  -0.10816  -0.17719  -0.25440  -0.33872  -0.42931
  41.14714    0.05303   0.05034   0.03309  -0.00080  -0.04874  -0.10819  -0.17724  -0.25448  -0.33883  -0.42946
  41.19613    0.05310   0.05042   0.03316  -0.00074  -0.04870  -0.10818  -0.17726  -0.25453  -0.33891  -0.42957
  41.24512    0.05320   0.05052   0.03327  -0.00066  -0.04864  -0.10815  -0.17726  -0.25455  -0.33896  -0.42965
  41.29411    0.05334   0.05066   0.03340  -0.00054  -0.04855  -0.10808  -0.17722  -0.25455  -0.33899  -0.42970
  41.34310    0.05350   0.05082   0.03356  -0.00040  -0.04843  -0.10799  -0.17715  -0.25451  -0.33898  -0.42973
  41.39209    0.05369   0.05102   0.03375  -0.00022  -0.04828  -0.10786  -0.17706  -0.25444  -0.33894  -0.42972
  41.44109    0.05392   0.05124   0.03397  -0.00002  -0.04810  -0.10771  -0.17693  -0.25435  -0.33888  -0.42969
  41.49008    0.05417   0.05150   0.03422   0.00021  -0.04789  -0.10753  -0.17678  -0.25422  -0.33879  -0.42963
  41.53907    0.05445   0.05178   0.03450   0.00047  -0.04765  -0.10732  -0.17660  -0.25407  -0.33866  -0.42954
  41.58806    0.05476   0.05209   0.03481   0.00076  -0.04739  -0.10708  -0.17639  -0.25389  -0.33851  -0.42942
  41.63705    0.05510   0.05244   0.03514   0.00108  -0.04709  -0.10681  -0.17615  -0.25368  -0.33833  -0.42927
  41.68604    0.05546   0.05281   0.03551   0.00143  -0.04677  -0.10651  -0.17588  -0.25344  -0.33813  -0.42910
  41.73503    0.05586   0.05321   0.03590   0.00181  -0.04642  -0.10619  -0.17558  -0.25318  -0.33789  -0.42889
  41.78402    0.05629   0.05363   0.03632   0.00221  -0.04604  -0.10584  -0.17526  -0.25289  -0.33763  -0.42866
  41.83302    0.05674   0.05409   0.03677   0.00264  -0.04563  -0.10546  -0.17491  -0.25256  -0.33734  -0.42840
  41.88201    0.05722   0.05457   0.03725   0.00310  -0.04519  -0.10505  -0.17453  -0.25222  -0.33702  -0.42811
  41.93100    0.05773   0.05508   0.03776   0.00359  -0.04473  -0.10461  -0.17412  -0.25184  -0.33668  -0.42780
  41.97999    0.05827   0.05562   0.03829   0.00411  -0.04424  -0.10415  -0.17369  -0.25143  -0.33630  -0.42746
  42.02898    0.05883   0.05619   0.03885   0.00465  -0.04372  -0.10366  -0.17323  -0.25100  -0.33590  -0.42709
  42.07797    0.05942   0.05678   0.03944   0.00522  -0.04317  -0.10314  -0.17274  -0.25055  -0.33548  -0.42669
  42.12696    0.06004   0.05740   0.04006   0.00582  -0.04260  -0.10260  -0.17223  -0.25006  -0.33502  -0.42627
  42.17595    0.06069   0.05805   0.04070   0.00644  -0.04200  -0.10202  -0.17168  -0.24955  -0.33454  -0.42582
  42.22495    0.06136   0.05873   0.04137   0.00709  -0.04138  -0.10143  -0.17111  -0.24901  -0.33404  -0.42535
  42.27394    0.06206   0.05943   0.04206   0.00777  -0.04072  -0.10080  -0.17052  -0.24845  -0.33350  -0.42485
  42.32293    0.06279   0.06016   0.04279   0.00847  -0.04005  -0.10015  -0.16990  -0.24786  -0.33294  -0.42432
  42.37192    0.06354   0.06091   0.04354   0.00920  -0.03934  -0.09947  -0.16925  -0.24724  -0.33236  -0.42376
  42.42091    0.06432   0.06169   0.04431   0.00996  -0.03861  -0.09877  -0.16858  -0.24660  -0.33175  -0.42318
  42.46990    0.06513   0.06250   0.04511   0.01074  -0.03785  -0.09804  -0.16788  -0.24593  -0.33111  -0.42258
  42.51889    0.06596   0.06333   0.04594   0.01155  -0.03707  -0.09729  -0.16715  -0.24523  -0.33045  -0.42195
  42.56789    0.06682   0.06419   0.04679   0.01238  -0.03626  -0.09651  -0.16640  -0.24452  -0.32976  -0.42129
  42.61688    0.06770   0.06508   0.04767   0.01324  -0.03543  -0.09570  -0.16563  -0.24377  -0.32904  -0.42061
  42.66587    0.06861   0.06599   0.04857   0.01412  -0.03457  -0.09487  -0.16483  -0.24300  -0.32831  -0.41990
  42.71486    0.06955   0.06693   0.04950   0.01503  -0.03368  -0.09401  -0.16400  -0.24220  -0.32754  -0.41917
  42.76385    0.07051   0.06789   0.05046   0.01597  -0.03277  -0.09313  -0.16315  -0.24138  -0.32675  -0.41841
  42.81284    0.07149   0.06887   0.05144   0.01693  -0.03184  -0.09223  -0.16227  -0.24054  -0.32594  -0.41763
  42.86183    0.07250   0.06989   0.05244   0.01791  -0.03088  -0.09130  -0.16137  -0.23967  -0.32510  -0.41683
  42.91082    0.07354   0.07092   0.05347   0.01892  -0.02990  -0.09034  -0.16045  -0.23877  -0.32424  -0.41600
  42.95982    0.07460   0.07198   0.05452   0.01996  -0.02889  -0.08936  -0.15950  -0.23786  -0.32335  -0.41514
  43.00881    0.07568   0.07307   0.05560   0.02101  -0.02786  -0.08836  -0.15852  -0.23691  -0.32244  -0.41426
  43.05780    0.07679   0.07418   0.05670   0.02210  -0.02680  -0.08733  -0.15752  -0.23595  -0.32150  -0.41336
  43.10679    0.07792   0.07531   0.05783   0.02320  -0.02572  -0.08628  -0.15650  -0.23495  -0.32054  -0.41243
  43.15578    0.07908   0.07647   0.05898   0.02433  -0.02461  -0.08520  -0.15546  -0.23394  -0.31956  -0.41148
  43.20477    0.08026   0.07765   0.06015   0.02549  -0.02348  -0.08410  -0.15439  -0.23290  -0.31855  -0.41050
  43.25376    0.08146   0.07886   0.06135   0.02667  -0.02233  -0.08298  -0.15329  -0.23184  -0.31752  -0.40950
  43.30275    0.08269   0.08009   0.06257   0.02787  -0.02116  -0.08183  -0.15218  -0.23075  -0.31647  -0.40848
  43.35175    0.08394   0.08134   0.06382   0.02909  -0.01996  -0.08066  -0.15104  -0.22964  -0.31539  -0.40744
  43.40074    0.08522   0.08262   0.06509   0.03034  -0.01873  -0.07946  -0.14987  -0.22851  -0.31429  -0.40637
  43.44973    0.08652   0.08392   0.06638   0.03161  -0.01749  -0.07825  -0.14869  -0.22736  -0.31317  -0.40528
  43.49872    0.08784   0.08524   0.06769   0.03291  -0.01622  -0.07701  -0.14748  -0.22618  -0.31202  -0.40416
  43.54771    0.08919   0.08659   0.06903   0.03423  -0.01493  -0.07574  -0.14624  -0.22498  -0.31085  -0.40303
  43.59670    0.09055   0.08796   0.07039   0.03557  -0.01361  -0.07446  -0.14499  -0.22375  -0.30966  -0.40187
  43.64569    0.09194   0.08935   0.07178   0.03693  -0.01228  -0.07315  -0.14371  -0.22251  -0.30844  -0.40068
  43.69468    0.09336   0.09076   0.07318   0.03832  -0.01092  -0.07182  -0.14241  -0.22124  -0.30721  -0.39948
  43.74368    0.09479   0.09220   0.07461   0.03972  -0.00954  -0.07047  -0.14109  -0.21994  -0.30595  -0.39825
  43.79267    0.09625   0.09366   0.07606   0.04115  -0.00813  -0.06909  -0.13974  -0.21863  -0.30467  -0.39700
  43.84166    0.09773   0.09514   0.07753   0.04261  -0.00671  -0.06770  -0.13838  -0.21730  -0.30336  -0.39573
  43.89065    0.09924   0.09664   0.07903   0.04408  -0.00526  -0.06628  -0.13699  -0.21594  -0.30204  -0.39444
  43.93964    0.10076   0.09817   0.08055   0.04558  -0.00379  -0.06484  -0.13558  -0.21456  -0.30069  -0.39312
  43.98863    0.10231   0.09972   0.08208   0.04709  -0.00230  -0.06337  -0.13414  -0.21316  -0.29932  -0.39179
  44.03762    0.10387   0.10129   0.08364   0.04863  -0.00078  -0.06189  -0.13269  -0.21174  -0.29793  -0.39043
  44.08661    0.10546   0.10288   0.08523   0.05019   0.00075  -0.06038  -0.13122  -0.21029  -0.29652  -0.38905
  44.13561    0.10708   0.10449   0.08683   0.05178   0.00231  -0.05886  -0.12972  -0.20883  -0.29508  -0.38765
  44.18460    0.10871   0.10612   0.08845   0.05338   0.00388  -0.05731  -0.12820  -0.20734  -0.29363  -0.38622
  44.23359    0.11036   0.10778   0.09010   0.05500   0.00548  -0.05574  -0.12666  -0.20583  -0.29215  -0.38478
  44.28258    0.11204   0.10945   0.09177   0.05665   0.00710  -0.05415  -0.12510  -0.20430  -0.29066  -0.38332
  44.33157    0.11373   0.11115   0.09345   0.05832   0.00874  -0.05254  -0.12352  -0.20275  -0.28914  -0.38183
  44.38056    0.11545   0.11287   0.09516   0.06000   0.01040  -0.05090  -0.12192  -0.20118  -0.28760  -0.38032
  44.42955    0.11719   0.11460   0.09689   0.06171   0.01208  -0.04925  -0.12030  -0.19959  -0.28604  -0.37880
  44.47854    0.11895   0.11636   0.09864   0.06344   0.01379  -0.04758  -0.11866  -0.19798  -0.28446  -0.37725
  44.52754    0.12072   0.11814   0.10041   0.06519   0.01551  -0.04589  -0.11699  -0.19635  -0.28286  -0.37568
  44.57653    0.12252   0.11994   0.10220   0.06696   0.01725  -0.04417  -0.11531  -0.19470  -0.28124  -0.37410
  44.62552    0.12434   0.12176   0.10401   0.06875   0.01902  -0.04244  -0.11361  -0.19303  -0.27960  -0.37249
  44.67451    0.12618   0.12360   0.10584   0.07056   0.02080  -0.04068  -0.11188  -0.19133  -0.27794  -0.37086
  44.72350    0.12804   0.12546   0.10769   0.07239   0.02260  -0.03891  -0.11014  -0.18962  -0.27626  -0.36921
  44.77249    0.12992   0.12734   0.10956   0.07424   0.02442  -0.03712  -0.10838  -0.18789  -0.27456  -0.36754
  44.82148    0.13182   0.12924   0.11145   0.07611   0.02627  -0.03530  -0.10659  -0.18614  -0.27284  -0.36585
  44.87048    0.13374   0.13116   0.11336   0.07799   0.02813  -0.03347  -0.10479  -0.18437  -0.27110  -0.36415
  44.91947    0.13568   0.13310   0.11529   0.07990   0.03001  -0.03162  -0.10297  -0.18258  -0.26934  -0.36242
  44.96846    0.13763   0.13506   0.11724   0.08183   0.03191  -0.02975  -0.10113  -0.18077  -0.26757  -0.36067
  45.01745    0.13961   0.13704   0.11921   0.08378   0.03383  -0.02785  -0.09927  -0.17894  -0.26577  -0.35891
  45.06644    0.14161   0.13903   0.12120   0.08574   0.03577  -0.02594  -0.09739  -0.17709  -0.26395  -0.35712
  45.11543    0.14362   0.14105   0.12320   0.08773   0.03773  -0.02401  -0.09549  -0.17522  -0.26211  -0.35532
  45.16442    0.14566   0.14308   0.12523   0.08973   0.03971  -0.02207  -0.09357  -0.17333  -0.26026  -0.35350
  45.21341    0.14771   0.14514   0.12727   0.09175   0.04170  -0.02010  -0.09163  -0.17143  -0.25839  -0.35165
  45.26241    0.14978   0.14721   0.12933   0.09380   0.04372  -0.01811  -0.08968  -0.16950  -0.25649  -0.34979
  45.31140    0.15187   0.14930   0.13142   0.09586   0.04575  -0.01611  -0.08770  -0.16756  -0.25458  -0.34792
  45.36039    0.15398   0.15141   0.13352   0.09793   0.04780  -0.01409  -0.08571  -0.16560  -0.25265  -0.34602
  45.40938    0.15611   0.15354   0.13563   0.10003   0.04987  -0.01204  -0.08370  -0.16362  -0.25070  -0.34410
  45.45837    0.15826   0.15569   0.13777   0.10215   0.05196  -0.00998  -0.08167  -0.16162  -0.24874  -0.34217
  45.50736    0.16042   0.15785   0.13993   0.10428   0.05407  -0.00791  -0.07962  -0.15960  -0.24675  -0.34021
  45.55635    0.16260   0.16003   0.14210   0.10643   0.05619  -0.00581  -0.07756  -0.15757  -0.24475  -0.33824
  45.60534    0.16480   0.16224   0.14429   0.10860   0.05834  -0.00370  -0.07547  -0.15552  -0.24273  -0.33625
  45.65434    0.16702   0.16445   0.14650   0.11079   0.06050  -0.00156  -0.07337  -0.15345  -0.24069  -0.33425
  45.70333    0.16926   0.16669   0.14873   0.11299   0.06268   0.00059  -0.07125  -0.15136  -0.23863  -0.33222
  45.75232    0.17151   0.16895   0.15097   0.11522   0.06487   0.00275  -0.06911  -0.14925  -0.23656  -0.33018
  45.80131    0.17378   0.17122   0.15323   0.11746   0.06709   0.00494  -0.06696  -0.14713  -0.23446  -0.32812
  45.85030    0.17607   0.17351   0.15551   0.11972   0.06932   0.00714  -0.06479  -0.14499  -0.23235  -0.32604
  45.89929    0.17838   0.17581   0.15781   0.12199   0.07157   0.00936  -0.06260  -0.14283  -0.23023  -0.32394

# Minimas
  41.05595    0.05298 
  41.05125    0.05028 
  41.05652    0.03304 
  41.08262   -0.00082 
  41.11976   -0.04874 
  41.16272   -0.10819 
  41.20912   -0.17726 
  41.25781   -0.25455 
  41.30817   -0.33899 
  41.35983   -0.42973 

