        0.000000000000000         0.000000000000000
        2.000000000000000        -0.000000000942856
        4.000000000000000        -0.000000001580195
        6.000000000000000        -0.000000002480067
        8.000000000000000        -0.000000002853829
       10.000000000000000        -0.000000003708608
       12.000000000000000        -0.000000005972643
       14.000000000000000        -0.000000010156648
       16.000000000000000        -0.000000016442732
       18.000000000000000        -0.000000027043042
       20.000000000000000        -0.000000045839040
       22.000000000000000        -0.000000074252566
       24.000000000000000        -0.000000112061062
       26.000000000000000        -0.000000163462796
       28.000000000000000        -0.000000226837252
       30.000000000000000        -0.000000300877943
       32.000000000000000        -0.000000386482056
       34.000000000000000        -0.000000481149783
       36.000000000000000        -0.000000583763576
       38.000000000000000        -0.000000691939487
       40.000000000000000        -0.000000804326328
       42.000000000000000        -0.000000919532349
       44.000000000000000        -0.000001034355126
       46.000000000000000        -0.000001149159791
       48.000000000000000        -0.000001261699980
       50.000000000000000        -0.000001370080269
       52.000000000000000        -0.000001474735839
       54.000000000000000        -0.000001573776284
       56.000000000000000        -0.000001667522663
       58.000000000000000        -0.000001752856039
       60.000000000000000        -0.000001830647687
       62.000000000000000        -0.000001902325832
       64.000000000000000        -0.000001965190372
       66.000000000000000        -0.000002018019570
       68.000000000000000        -0.000002062414023
       70.000000000000000        -0.000002098675605
       72.000000000000000        -0.000002125662877
       74.000000000000000        -0.000002144080328
       76.000000000000000        -0.000002153358655
       78.000000000000000        -0.000002154165831
       80.000000000000000        -0.000002145710503
       82.000000000000000        -0.000002129241543
       84.000000000000000        -0.000002104723307
       86.000000000000000        -0.000002072493119
       88.000000000000000        -0.000002032241437
       90.000000000000000        -0.000001984573713
       92.000000000000000        -0.000001931449312
       94.000000000000000        -0.000001869783002
       96.000000000000000        -0.000001801573589
       98.000000000000000        -0.000001729144444
      100.000000000000000        -0.000001649859200
      102.000000000000000        -0.000001564996101
      104.000000000000000        -0.000001476256855
      106.000000000000000        -0.000001382146201
      108.000000000000000        -0.000001283448020
      110.000000000000000        -0.000001181229775
      112.000000000000000        -0.000001074917172
      114.000000000000000        -0.000000965467118
      116.000000000000000        -0.000000853629324
      118.000000000000000        -0.000000738409401
      120.000000000000000        -0.000000620184800
      122.000000000000000        -0.000000500175412
      124.000000000000000        -0.000000378258121
      126.000000000000000        -0.000000254288157
      128.000000000000000        -0.000000128246549
      130.000000000000000        -0.000000001806768
      132.000000000000000         0.000000125319857
      134.000000000000000         0.000000254751650
      136.000000000000000         0.000000383586921
      138.000000000000000         0.000000513915801
      140.000000000000000         0.000000644718276
      142.000000000000000         0.000000774874386
      144.000000000000000         0.000000905905772
      146.000000000000000         0.000001036755219
      148.000000000000000         0.000001167523908
      150.000000000000000         0.000001297531633
      152.000000000000000         0.000001427639951
      154.000000000000000         0.000001557335825
      156.000000000000000         0.000001686138679
      158.000000000000000         0.000001814628320
      160.000000000000000         0.000001941930175
      162.000000000000000         0.000002068709863
      164.000000000000000         0.000002195196277
      166.000000000000000         0.000002319968003
      168.000000000000000         0.000002443412655
      170.000000000000000         0.000002566491213
      172.000000000000000         0.000002689099122
      174.000000000000000         0.000002809575149
      176.000000000000000         0.000002928962805
      178.000000000000000         0.000003047850200
      180.000000000000000         0.000003164951589
      182.000000000000000         0.000003280749288
      184.000000000000000         0.000003395867286
      186.000000000000000         0.000003509291585
      188.000000000000000         0.000003621129829
      190.000000000000000         0.000003732299334
      192.000000000000000         0.000003842088010
      194.000000000000000         0.000003950241776
      196.000000000000000         0.000004057311271
      198.000000000000000         0.000004162892754
      200.000000000000000         0.000004267376969
      202.000000000000000         0.000004370505002
      204.000000000000000         0.000004471836024
      206.000000000000000         0.000004572278256
      208.000000000000000         0.000004671519525
      210.000000000000000         0.000004769139180
      212.000000000000000         0.000004865416359
      214.000000000000000         0.000004960665355
      216.000000000000000         0.000005054537886
      218.000000000000000         0.000005146887697
      220.000000000000000         0.000005238209568
      222.000000000000000         0.000005328243171
      224.000000000000000         0.000005417027055
      226.000000000000000         0.000005504846190
      228.000000000000000         0.000005590958919
      230.000000000000000         0.000005675823540
      232.000000000000000         0.000005759946933
      234.000000000000000         0.000005842526846
      236.000000000000000         0.000005923984575
      238.000000000000000         0.000006004498130
      240.000000000000000         0.000006083815888
      242.000000000000000         0.000006161991781
      244.000000000000000         0.000006238684530
      246.000000000000000         0.000006314561579
      248.000000000000000         0.000006389610844
      250.000000000000000         0.000006463211775
      252.000000000000000         0.000006535789427
      254.000000000000000         0.000006607373938
      256.000000000000000         0.000006678025726
      258.000000000000000         0.000006747829881
      260.000000000000000         0.000006816223195
      262.000000000000000         0.000006883628751
      264.000000000000000         0.000006950574376
      266.000000000000000         0.000007016271726
      268.000000000000000         0.000007080889386
      270.000000000000000         0.000007144800923
      272.000000000000000         0.000007207610208
      274.000000000000000         0.000007269714447
      276.000000000000000         0.000007330769177
      278.000000000000000         0.000007391033429
      280.000000000000000         0.000007450507354
      282.000000000000000         0.000007509073617
      284.000000000000000         0.000007566816809
      286.000000000000000         0.000007623650065
      288.000000000000000         0.000007679912274
      290.000000000000000         0.000007735122414
      292.000000000000000         0.000007789806758
      294.000000000000000         0.000007843821376
      296.000000000000000         0.000007896354194
      298.000000000000000         0.000007948735802
      300.000000000000000         0.000008000617027
      302.000000000000000         0.000008051481585
      304.000000000000000         0.000008101567953
      306.000000000000000         0.000008151027344
      308.000000000000000         0.000008200004723
      310.000000000000000         0.000008248066667
      312.000000000000000         0.000008295217925
      314.000000000000000         0.000008342542566
      316.000000000000000         0.000008388926136
      318.000000000000000         0.000008433920979
      320.000000000000000         0.000008478972121
      322.000000000000000         0.000008523508150
      324.000000000000000         0.000008567162085
      326.000000000000000         0.000008610390983
      328.000000000000000         0.000008652855094
      330.000000000000000         0.000008694893137
      332.000000000000000         0.000008736824467
      334.000000000000000         0.000008777991527
      336.000000000000000         0.000008817720664
      338.000000000000000         0.000008857539903
      340.000000000000000         0.000008897469647
      342.000000000000000         0.000008936163344
      344.000000000000000         0.000008974436768
      346.000000000000000         0.000009012255347
      348.000000000000000         0.000009049463768
      350.000000000000000         0.000009086266301
      352.000000000000000         0.000009123262994
      354.000000000000000         0.000009159407892
      356.000000000000000         0.000009194024676
      358.000000000000000         0.000009229003969
      360.000000000000000         0.000009264084413
      362.000000000000000         0.000009298249960
      364.000000000000000         0.000009332786527
      366.000000000000000         0.000009365692563
      368.000000000000000         0.000009397882045
      370.000000000000000         0.000009430985374
      372.000000000000000         0.000009462631880
      374.000000000000000         0.000009494536267
      376.000000000000000         0.000009526656103
      378.000000000000000         0.000009556743610
      380.000000000000000         0.000009587464622
      382.000000000000000         0.000009617887035
      384.000000000000000         0.000009647721572
      386.000000000000000         0.000009677735451
      388.000000000000000         0.000009705792788
      390.000000000000000         0.000009734708252
      392.000000000000000         0.000009763803756
      394.000000000000000         0.000009792122388
      396.000000000000000         0.000009820084025
      398.000000000000000         0.000009847637653
      400.000000000000000         0.000009874555043
      402.000000000000000         0.000009900643133
      404.000000000000000         0.000009928011837
      406.000000000000000         0.000009954200854
      408.000000000000000         0.000009979330378
      410.000000000000000         0.000010005985393
      412.000000000000000         0.000010031301545
      414.000000000000000         0.000010056209750
      416.000000000000000         0.000010081716678
      418.000000000000000         0.000010105486651
      420.000000000000000         0.000010128973070
      422.000000000000000         0.000010153336226
      424.000000000000000         0.000010177782084
      426.000000000000000         0.000010201342097
      428.000000000000000         0.000010224533542
      430.000000000000000         0.000010246723430
      432.000000000000000         0.000010270122658
      434.000000000000000         0.000010293149829
      436.000000000000000         0.000010313342241
      438.000000000000000         0.000010336161381
      440.000000000000000         0.000010358875314
      442.000000000000000         0.000010379726369
      444.000000000000000         0.000010401670029
      446.000000000000000         0.000010422283574
      448.000000000000000         0.000010442831152
      450.000000000000000         0.000010464187233
      452.000000000000000         0.000010484496635
      454.000000000000000         0.000010504091556
      456.000000000000000         0.000010524632528
      458.000000000000000         0.000010544219670
      460.000000000000000         0.000010563170932
      462.000000000000000         0.000010583694247
      464.000000000000000         0.000010602728770
      466.000000000000000         0.000010620706045
      468.000000000000000         0.000010639946744
      470.000000000000000         0.000010659849497
      472.000000000000000         0.000010677591736
      474.000000000000000         0.000010695871734
      476.000000000000000         0.000010714263955
      478.000000000000000         0.000010730937527
      480.000000000000000         0.000010748705939
      482.000000000000000         0.000010767988283
      484.000000000000000         0.000010785812185
      486.000000000000000         0.000010802309732
      488.000000000000000         0.000010818093861
      490.000000000000000         0.000010835198837
      492.000000000000000         0.000010853406784
      494.000000000000000         0.000010868485781
      496.000000000000000         0.000010884867767
      498.000000000000000         0.000010902272006
      500.000000000000000         0.000010919214919
      502.000000000000000         0.000010933779746
      504.000000000000000         0.000010948709419
      506.000000000000000         0.000010966117307
      508.000000000000000         0.000010981253315
      510.000000000000000         0.000010995591599
      512.000000000000000         0.000011011876148
      514.000000000000000         0.000011028122785
      516.000000000000000         0.000011041945388
      518.000000000000000         0.000011057008339
      520.000000000000000         0.000011070995756
      522.000000000000000         0.000011085632139
      524.000000000000000         0.000011101215708
      526.000000000000000         0.000011114395735
      528.000000000000000         0.000011128710347
      530.000000000000000         0.000011143560252
      532.000000000000000         0.000011158344938
      534.000000000000000         0.000011170567606
      536.000000000000000         0.000011184153728
      538.000000000000000         0.000011200186330
      540.000000000000000         0.000011212280189
      542.000000000000000         0.000011225752954
      544.000000000000000         0.000011239360973
      546.000000000000000         0.000011251853779
      548.000000000000000         0.000011265334538
      550.000000000000000         0.000011277944501
      552.000000000000000         0.000011290971499
      554.000000000000000         0.000011304019575
      556.000000000000000         0.000011316151435
      558.000000000000000         0.000011328740551
      560.000000000000000         0.000011341144155
      562.000000000000000         0.000011353926993
      564.000000000000000         0.000011366207990
      566.000000000000000         0.000011378555274
      568.000000000000000         0.000011390387875
      570.000000000000000         0.000011401326726
      572.000000000000000         0.000011414320928
      574.000000000000000         0.000011425391194
      576.000000000000000         0.000011437249801
      578.000000000000000         0.000011449213725
      580.000000000000000         0.000011460771387
      582.000000000000000         0.000011473273054
      584.000000000000000         0.000011483369413
      586.000000000000000         0.000011494737031
      588.000000000000000         0.000011505128325
      590.000000000000000         0.000011515297647
      592.000000000000000         0.000011528363672
      594.000000000000000         0.000011540066026
      596.000000000000000         0.000011551161368
      598.000000000000000         0.000011559874166
      600.000000000000000         0.000011568905874
      602.000000000000000         0.000011581849908
      604.000000000000000         0.000011592729367
      606.000000000000000         0.000011602527852
      608.000000000000000         0.000011613346603
      610.000000000000000         0.000011623660911
      612.000000000000000         0.000011633045649
      614.000000000000000         0.000011642623432
      616.000000000000000         0.000011652666319
      618.000000000000000         0.000011663388828
      620.000000000000000         0.000011673257275
      622.000000000000000         0.000011684484093
      624.000000000000000         0.000011693745499
      626.000000000000000         0.000011702051185
      628.000000000000000         0.000011713743166
      630.000000000000000         0.000011723283442
      632.000000000000000         0.000011730540575
      634.000000000000000         0.000011740158832
      636.000000000000000         0.000011751499246
      638.000000000000000         0.000011760777657
      640.000000000000000         0.000011767261378
      642.000000000000000         0.000011777909673
      644.000000000000000         0.000011789125482
      646.000000000000000         0.000011794660478
      648.000000000000000         0.000011806061758
      650.000000000000000         0.000011817312960
      652.000000000000000         0.000011823323394
      654.000000000000000         0.000011832270013
      656.000000000000000         0.000011839881720
      658.000000000000000         0.000011848286645
      660.000000000000000         0.000011859163237
      662.000000000000000         0.000011866903200
      664.000000000000000         0.000011875566844
      666.000000000000000         0.000011886093495
      668.000000000000000         0.000011895139454
      670.000000000000000         0.000011899979281
      672.000000000000000         0.000011908427914
      674.000000000000000         0.000011919187548
      676.000000000000000         0.000011926002318
      678.000000000000000         0.000011933361270
      680.000000000000000         0.000011941520809
      682.000000000000000         0.000011951018589
      684.000000000000000         0.000011960316595
      686.000000000000000         0.000011967380484
      688.000000000000000         0.000011974387316
      690.000000000000000         0.000011982748732
      692.000000000000000         0.000011990545938
      694.000000000000000         0.000011997734914
      696.000000000000000         0.000012006404087
      698.000000000000000         0.000012013967844
      700.000000000000000         0.000012021519505
      702.000000000000000         0.000012030018364
      704.000000000000000         0.000012037978695
      706.000000000000000         0.000012044509186
      708.000000000000000         0.000012052236861
      710.000000000000000         0.000012059034656
      712.000000000000000         0.000012066484825
      714.000000000000000         0.000012075824081
      716.000000000000000         0.000012081339771
      718.000000000000000         0.000012088234349
      720.000000000000000         0.000012096795171
      722.000000000000000         0.000012102378813
      724.000000000000000         0.000012110581470
      726.000000000000000         0.000012118758351
      728.000000000000000         0.000012126151209
      730.000000000000000         0.000012132261329
      732.000000000000000         0.000012137923597
      734.000000000000000         0.000012146752362
      736.000000000000000         0.000012153326749
      738.000000000000000         0.000012160559468
      740.000000000000000         0.000012166442964
      742.000000000000000         0.000012171759674
      744.000000000000000         0.000012181307020
      746.000000000000000         0.000012188314583
      748.000000000000000         0.000012194581054
      750.000000000000000         0.000012201410299
      752.000000000000000         0.000012207790342
      754.000000000000000         0.000012213501338
      756.000000000000000         0.000012221283337
      758.000000000000000         0.000012228220284
      760.000000000000000         0.000012233064644
      762.000000000000000         0.000012241148278
      764.000000000000000         0.000012247583946
      766.000000000000000         0.000012253387761
      768.000000000000000         0.000012259369198
      770.000000000000000         0.000012266435434
      772.000000000000000         0.000012273134360
      774.000000000000000         0.000012278539980
      776.000000000000000         0.000012285917076
      778.000000000000000         0.000012290482331
      780.000000000000000         0.000012298151239
      782.000000000000000         0.000012305195778
      784.000000000000000         0.000012308922434
      786.000000000000000         0.000012316770363
      788.000000000000000         0.000012321988793
      790.000000000000000         0.000012328973705
      792.000000000000000         0.000012335978742
      794.000000000000000         0.000012340622463
      796.000000000000000         0.000012346371619
      798.000000000000000         0.000012353835769
      800.000000000000000         0.000012359259771
      802.000000000000000         0.000012364466793
      804.000000000000000         0.000012370613355
      806.000000000000000         0.000012375912162
      808.000000000000000         0.000012381600883
      810.000000000000000         0.000012387830693
      812.000000000000000         0.000012395714330
      814.000000000000000         0.000012400626154
      816.000000000000000         0.000012405291422
      818.000000000000000         0.000012410153440
      820.000000000000000         0.000012414740939
      822.000000000000000         0.000012423852225
      824.000000000000000         0.000012429365189
      826.000000000000000         0.000012432397015
      828.000000000000000         0.000012439585230
      830.000000000000000         0.000012446064369
      832.000000000000000         0.000012450748706
      834.000000000000000         0.000012456285191
      836.000000000000000         0.000012463198242
      838.000000000000000         0.000012467610825
      840.000000000000000         0.000012471251230
      842.000000000000000         0.000012477696684
      844.000000000000000         0.000012484915597
      846.000000000000000         0.000012489247365
      848.000000000000000         0.000012492988321
      850.000000000000000         0.000012499575899
      852.000000000000000         0.000012506483165
      854.000000000000000         0.000012510301137
      856.000000000000000         0.000012515433889
      858.000000000000000         0.000012521900566
      860.000000000000000         0.000012525382610
      862.000000000000000         0.000012530058237
      864.000000000000000         0.000012537146066
      866.000000000000000         0.000012542943862
      868.000000000000000         0.000012547753311
      870.000000000000000         0.000012552292174
      872.000000000000000         0.000012557334867
      874.000000000000000         0.000012563059936
      876.000000000000000         0.000012567205063
      878.000000000000000         0.000012571161476
      880.000000000000000         0.000012578281511
      882.000000000000000         0.000012584771157
      884.000000000000000         0.000012590217677
      886.000000000000000         0.000012592405708
      888.000000000000000         0.000012597451876
      890.000000000000000         0.000012603486013
      892.000000000000000         0.000012606581518
      894.000000000000000         0.000012612105077
      896.000000000000000         0.000012618708134
      898.000000000000000         0.000012622985380
      900.000000000000000         0.000012625700287
