        0.000000000000000        41.055952209369380
        2.000000000000000        41.055952097681150
        4.000000000000000        41.055952054530010
        6.000000000000000        41.055951838175481
        8.000000000000000        41.055951647243930
       10.000000000000000        41.055951369508875
       12.000000000000000        41.055951038202245
       14.000000000000000        41.055950388658800
       16.000000000000000        41.055949370238935
       18.000000000000000        41.055947688370907
       20.000000000000000        41.055944929128145
       22.000000000000000        41.055940160510481
       24.000000000000000        41.055932735092519
       26.000000000000000        41.055921757424706
       28.000000000000000        41.055905890629411
       30.000000000000000        41.055884505389152
       32.000000000000000        41.055856479389142
       34.000000000000000        41.055821035981808
       36.000000000000000        41.055777463391600
       38.000000000000000        41.055725168511863
       40.000000000000000        41.055663831081908
       42.000000000000000        41.055593079906494
       44.000000000000000        41.055512823298073
       46.000000000000000        41.055423215985947
       48.000000000000000        41.055324106331902
       50.000000000000000        41.055216017979554
       52.000000000000000        41.055099110566310
       54.000000000000000        41.054973836275387
       56.000000000000000        41.054840665189708
       58.000000000000000        41.054699996766431
       60.000000000000000        41.054552813274498
       62.000000000000000        41.054399371077871
       64.000000000000000        41.054240417896679
       66.000000000000000        41.054076653485915
       68.000000000000000        41.053909026176150
       70.000000000000000        41.053737972855245
       72.000000000000000        41.053564392262686
       74.000000000000000        41.053388908704079
       76.000000000000000        41.053212305208397
       78.000000000000000        41.053035299543986
       80.000000000000000        41.052858565024835
       82.000000000000000        41.052682949344799
       84.000000000000000        41.052508920712889
       86.000000000000000        41.052337332655391
       88.000000000000000        41.052168597966400
       90.000000000000000        41.052003620982987
       92.000000000000000        41.051842715057376
       94.000000000000000        41.051686462769482
       96.000000000000000        41.051535684075134
       98.000000000000000        41.051390633319507
      100.000000000000000        41.051251748939087
      102.000000000000000        41.051119718178043
      104.000000000000000        41.050994769569883
      106.000000000000000        41.050877310928293
      108.000000000000000        41.050767816313311
      110.000000000000000        41.050666564821547
      112.000000000000000        41.050573855234823
      114.000000000000000        41.050490060954537
      116.000000000000000        41.050415323641516
      118.000000000000000        41.050349893601393
      120.000000000000000        41.050294075784485
      122.000000000000000        41.050248058527735
      124.000000000000000        41.050211946485526
      126.000000000000000        41.050185948223657
      128.000000000000000        41.050170192180957
      130.000000000000000        41.050164890052940
      132.000000000000000        41.050169895508454
      134.000000000000000        41.050185467658629
      136.000000000000000        41.050211725918402
      138.000000000000000        41.050248452955948
      140.000000000000000        41.050296111403668
      142.000000000000000        41.050354316460556
      144.000000000000000        41.050423346876059
      146.000000000000000        41.050503067722303
      148.000000000000000        41.050593584169192
      150.000000000000000        41.050694777920093
      152.000000000000000        41.050806642469304
      154.000000000000000        41.050929201006412
      156.000000000000000        41.051062362800117
      158.000000000000000        41.051206072142662
      160.000000000000000        41.051360333524563
      162.000000000000000        41.051524947644062
      164.000000000000000        41.051700028302797
      166.000000000000000        41.051885413800321
      168.000000000000000        41.052080984545363
      170.000000000000000        41.052286642497087
      172.000000000000000        41.052502425877094
      174.000000000000000        41.052728219489993
      176.000000000000000        41.052963788777149
      178.000000000000000        41.053209189905878
      180.000000000000000        41.053464284904450
      182.000000000000000        41.053728918814009
      184.000000000000000        41.054003032872053
      186.000000000000000        41.054286574597448
      188.000000000000000        41.054579318721714
      190.000000000000000        41.054881230444650
      192.000000000000000        41.055192235145142
      194.000000000000000        41.055512181091956
      196.000000000000000        41.055840951942535
      198.000000000000000        41.056178486396938
      200.000000000000000        41.056524601814282
      202.000000000000000        41.056879301066978
      204.000000000000000        41.057242358999666
      206.000000000000000        41.057613706088667
      208.000000000000000        41.057993266337228
      210.000000000000000        41.058380918957525
      212.000000000000000        41.058776518869657
      214.000000000000000        41.059179991129284
      216.000000000000000        41.059591242276412
      218.000000000000000        41.060010140167343
      220.000000000000000        41.060436567320487
      222.000000000000000        41.060870472854049
      224.000000000000000        41.061311696531327
      226.000000000000000        41.061760193799500
      228.000000000000000        41.062215851227990
      230.000000000000000        41.062678502447213
      232.000000000000000        41.063148109297003
      234.000000000000000        41.063624588663288
      236.000000000000000        41.064107770613205
      238.000000000000000        41.064597641227344
      240.000000000000000        41.065094059812139
      242.000000000000000        41.065596971114140
      244.000000000000000        41.066106243296197
      246.000000000000000        41.066621765040999
      248.000000000000000        41.067143514144163
      250.000000000000000        41.067671377303107
      252.000000000000000        41.068205230372982
      254.000000000000000        41.068745029869206
      256.000000000000000        41.069290656595228
      258.000000000000000        41.069842076987406
      260.000000000000000        41.070399185825536
      262.000000000000000        41.070961857017629
      264.000000000000000        41.071530054840942
      266.000000000000000        41.072103739915192
      268.000000000000000        41.072682747001792
      270.000000000000000        41.073267064408391
      272.000000000000000        41.073856588267518
      274.000000000000000        41.074451241800531
      276.000000000000000        41.075050986393904
      278.000000000000000        41.075655688671397
      280.000000000000000        41.076265352571092
      282.000000000000000        41.076879844739693
      284.000000000000000        41.077499149830004
      286.000000000000000        41.078123148383909
      288.000000000000000        41.078751810774897
      290.000000000000000        41.079385073224813
      292.000000000000000        41.080022827063758
      294.000000000000000        41.080665094982486
      296.000000000000000        41.081311744659779
      298.000000000000000        41.081962665335652
      300.000000000000000        41.082617943329552
      302.000000000000000        41.083277410506177
      304.000000000000000        41.083941068335577
      306.000000000000000        41.084608787867580
      308.000000000000000        41.085280595414204
      310.000000000000000        41.085956385847211
      312.000000000000000        41.086636114243596
      314.000000000000000        41.087319676248626
      316.000000000000000        41.088007205096815
      318.000000000000000        41.088698413278735
      320.000000000000000        41.089393360439075
      322.000000000000000        41.090091996561853
      324.000000000000000        41.090794287375175
      326.000000000000000        41.091500122541312
      328.000000000000000        41.092209542903646
      330.000000000000000        41.092922382280051
      332.000000000000000        41.093638737178807
      334.000000000000000        41.094358493913418
      336.000000000000000        41.095081640901540
      338.000000000000000        41.095807953715791
      340.000000000000000        41.096537671936673
      342.000000000000000        41.097270574501863
      344.000000000000000        41.098006679627993
      346.000000000000000        41.098745900350856
      348.000000000000000        41.099488249197940
      350.000000000000000        41.100233613669985
      352.000000000000000        41.100982039868462
      354.000000000000000        41.101733513943785
      356.000000000000000        41.102487910037681
      358.000000000000000        41.103245103096192
      360.000000000000000        41.104005278086390
      362.000000000000000        41.104768266994554
      364.000000000000000        41.105534087726049
      366.000000000000000        41.106302783693451
      368.000000000000000        41.107074043703108
      370.000000000000000        41.107848061425685
      372.000000000000000        41.108624793758374
      374.000000000000000        41.109404044559817
      376.000000000000000        41.110186052668773
      378.000000000000000        41.110970614979252
      380.000000000000000        41.111757600691725
      382.000000000000000        41.112547245065414
      384.000000000000000        41.113339264032177
      386.000000000000000        41.114133845265812
      388.000000000000000        41.114930830874755
      390.000000000000000        41.115730057262397
      392.000000000000000        41.116531829421433
      394.000000000000000        41.117335872254024
      396.000000000000000        41.118142333361959
      398.000000000000000        41.118951006704627
      400.000000000000000        41.119762031482722
      402.000000000000000        41.120575164118769
      404.000000000000000        41.121390512043178
      406.000000000000000        41.122208178725799
      408.000000000000000        41.123027866922342
      410.000000000000000        41.123849699850695
      412.000000000000000        41.124673805479880
      414.000000000000000        41.125499835866151
      416.000000000000000        41.126328072089535
      418.000000000000000        41.127158331816666
      420.000000000000000        41.127990511887582
      422.000000000000000        41.128824669050005
      424.000000000000000        41.129660891029395
      426.000000000000000        41.130499103953028
      428.000000000000000        41.131339236197356
      430.000000000000000        41.132181298983660
      432.000000000000000        41.133025116540672
      434.000000000000000        41.133871063836629
      436.000000000000000        41.134718704932297
      438.000000000000000        41.135568009564651
      440.000000000000000        41.136419440410101
      442.000000000000000        41.137272517724014
      444.000000000000000        41.138127414939333
      446.000000000000000        41.138984138631912
      448.000000000000000        41.139842463573927
      450.000000000000000        41.140702604345833
      452.000000000000000        41.141564479633729
      454.000000000000000        41.142427998723157
      456.000000000000000        41.143293134955854
      458.000000000000000        41.144160070888184
      460.000000000000000        41.145028467203510
      462.000000000000000        41.145898558763058
      464.000000000000000        41.146770369643036
      466.000000000000000        41.147643630947080
      468.000000000000000        41.148518437752799
      470.000000000000000        41.149394903126108
      472.000000000000000        41.150273023179068
      474.000000000000000        41.151152446386760
      476.000000000000000        41.152033612972183
      478.000000000000000        41.152916101388371
      480.000000000000000        41.153800050459189
      482.000000000000000        41.154685501768441
      484.000000000000000        41.155572663144284
      486.000000000000000        41.156461086876888
      488.000000000000000        41.157351002504790
      490.000000000000000        41.158242063221756
      492.000000000000000        41.159134833450899
      494.000000000000000        41.160028930554617
      496.000000000000000        41.160924222207690
      498.000000000000000        41.161821055423907
      500.000000000000000        41.162719251685367
      502.000000000000000        41.163618913736478
      504.000000000000000        41.164519547456386
      506.000000000000000        41.165421707188109
      508.000000000000000        41.166325246830183
      510.000000000000000        41.167229938570379
      512.000000000000000        41.168135879020880
      514.000000000000000        41.169043292224544
      516.000000000000000        41.169951948078314
      518.000000000000000        41.170861677668775
      520.000000000000000        41.171772854321809
      522.000000000000000        41.172684927758908
      524.000000000000000        41.173598555278886
      526.000000000000000        41.174513235755107
      528.000000000000000        41.175429074616112
      530.000000000000000        41.176346153449501
      532.000000000000000        41.177264478993429
      534.000000000000000        41.178184033932148
      536.000000000000000        41.179104413747943
      538.000000000000000        41.180026247668721
      540.000000000000000        41.180949309616054
      542.000000000000000        41.181873177037225
      544.000000000000000        41.182798499753872
      546.000000000000000        41.183724650390012
      548.000000000000000        41.184652072745180
      550.000000000000000        41.185580485923737
      552.000000000000000        41.186510027509058
      554.000000000000000        41.187440628767163
      556.000000000000000        41.188372362049435
      558.000000000000000        41.189305004203220
      560.000000000000000        41.190238853848946
      562.000000000000000        41.191173581949620
      564.000000000000000        41.192109580159368
      566.000000000000000        41.193046374289764
      568.000000000000000        41.193984449579737
      570.000000000000000        41.194923236133675
      572.000000000000000        41.195863156696831
      574.000000000000000        41.196804127345523
      576.000000000000000        41.197745915109273
      578.000000000000000        41.198688882990680
      580.000000000000000        41.199632685486037
      582.000000000000000        41.200577601276429
      584.000000000000000        41.201523507393325
      586.000000000000000        41.202470130535616
      588.000000000000000        41.203417953629987
      590.000000000000000        41.204366332979596
      592.000000000000000        41.205315875800672
      594.000000000000000        41.206266452446137
      596.000000000000000        41.207217967942782
      598.000000000000000        41.208170417343219
      600.000000000000000        41.209123413001372
      602.000000000000000        41.210077395222825
      604.000000000000000        41.211032568725649
      606.000000000000000        41.211988388612816
      608.000000000000000        41.212945221698085
      610.000000000000000        41.213902869482375
      612.000000000000000        41.214861447425157
      614.000000000000000        41.215820686940951
      616.000000000000000        41.216780888543965
      618.000000000000000        41.217741828518726
      620.000000000000000        41.218703842742158
      622.000000000000000        41.219666454656732
      624.000000000000000        41.220630364890148
      626.000000000000000        41.221594548899873
      628.000000000000000        41.222559873727576
      630.000000000000000        41.223526030815954
      632.000000000000000        41.224492974048175
      634.000000000000000        41.225460373166051
      636.000000000000000        41.226428947858963
      638.000000000000000        41.227398262560776
      640.000000000000000        41.228368412916382
      642.000000000000000        41.229338842509996
      644.000000000000000        41.230310794631400
      646.000000000000000        41.231283119740539
      648.000000000000000        41.232256030573232
      650.000000000000000        41.233230281985001
      652.000000000000000        41.234205094519652
      654.000000000000000        41.235180383351903
      656.000000000000000        41.236156717672991
      658.000000000000000        41.237133308224386
      660.000000000000000        41.238111075176434
      662.000000000000000        41.239089506187732
      664.000000000000000        41.240068596309271
      666.000000000000000        41.241048502952843
      668.000000000000000        41.242029376142604
      670.000000000000000        41.243010821715949
      672.000000000000000        41.243992540039621
      674.000000000000000        41.244975426164139
      676.000000000000000        41.245958966429747
      678.000000000000000        41.246943023773042
      680.000000000000000        41.247927825119241
      682.000000000000000        41.248913275726892
      684.000000000000000        41.249899691236656
      686.000000000000000        41.250886723166111
      688.000000000000000        41.251874351463584
      690.000000000000000        41.252862586850043
      692.000000000000000        41.253851642211025
      694.000000000000000        41.254841211663035
      696.000000000000000        41.255831500806060
      698.000000000000000        41.256822548398880
      700.000000000000000        41.257814133363759
      702.000000000000000        41.258806474868230
      704.000000000000000        41.259799510162019
      706.000000000000000        41.260793213218015
      708.000000000000000        41.261787374173466
      710.000000000000000        41.262782400557015
      712.000000000000000        41.263777731465275
      714.000000000000000        41.264774035548342
      716.000000000000000        41.265770956073261
      718.000000000000000        41.266768218747671
      720.000000000000000        41.267766325533536
      722.000000000000000        41.268765049613314
      724.000000000000000        41.269764126444564
      726.000000000000000        41.270764252976093
      728.000000000000000        41.271764728120388
      730.000000000000000        41.272766123615099
      732.000000000000000        41.273767656057998
      734.000000000000000        41.274770034968618
      736.000000000000000        41.275773073699696
      738.000000000000000        41.276776586796586
      740.000000000000000        41.277780868484960
      742.000000000000000        41.278785401863004
      744.000000000000000        41.279790610307103
      746.000000000000000        41.280796769075657
      748.000000000000000        41.281803183656216
      750.000000000000000        41.282810426255615
      752.000000000000000        41.283818017689448
      754.000000000000000        41.284826363035059
      756.000000000000000        41.285834946817587
      758.000000000000000        41.286844626581846
      760.000000000000000        41.287854405341299
      762.000000000000000        41.288864934549721
      764.000000000000000        41.289876097812844
      766.000000000000000        41.290887739444294
      768.000000000000000        41.291899910846688
      770.000000000000000        41.292912590027903
      772.000000000000000        41.293925978231364
      774.000000000000000        41.294939813635011
      776.000000000000000        41.295954144509203
      778.000000000000000        41.296969248307825
      780.000000000000000        41.297984383192620
      782.000000000000000        41.299000803739084
      784.000000000000000        41.300017152353938
      786.000000000000000        41.301034238569613
      788.000000000000000        41.302051933771857
      790.000000000000000        41.303069932253898
      792.000000000000000        41.304088831624398
      794.000000000000000        41.305108037701061
      796.000000000000000        41.306127754600709
      798.000000000000000        41.307147960914712
      800.000000000000000        41.308168961488661
      802.000000000000000        41.309190114478099
      804.000000000000000        41.310212025926347
      806.000000000000000        41.311234245120438
      808.000000000000000        41.312257082751692
      810.000000000000000        41.313280292635504
      812.000000000000000        41.314304210438252
      814.000000000000000        41.315328773886428
      816.000000000000000        41.316353554224420
      818.000000000000000        41.317378939511755
      820.000000000000000        41.318404574273956
      822.000000000000000        41.319430768666905
      824.000000000000000        41.320457960281601
      826.000000000000000        41.321485116913891
      828.000000000000000        41.322512860714568
      830.000000000000000        41.323541256596506
      832.000000000000000        41.324570122532350
      834.000000000000000        41.325599343948348
      836.000000000000000        41.326629176336752
      838.000000000000000        41.327659591836799
      840.000000000000000        41.328690205041184
      842.000000000000000        41.329721273751090
      844.000000000000000        41.330753003945553
      846.000000000000000        41.331785317602431
      848.000000000000000        41.332817815509024
      850.000000000000000        41.333850799243407
      852.000000000000000        41.334884437930015
      854.000000000000000        41.335918615388856
      856.000000000000000        41.336952937088597
      858.000000000000000        41.337988014995496
      860.000000000000000        41.339023457790709
      862.000000000000000        41.340059163337635
      864.000000000000000        41.341095431186012
      866.000000000000000        41.342132360745460
      868.000000000000000        41.343169639367403
      870.000000000000000        41.344207416320415
      872.000000000000000        41.345245497652165
      874.000000000000000        41.346284160691880
      876.000000000000000        41.347323241036399
      878.000000000000000        41.348362641851764
      880.000000000000000        41.349402428810492
      882.000000000000000        41.350443059548027
      884.000000000000000        41.351483972263054
      886.000000000000000        41.352525556285975
      888.000000000000000        41.353566883378527
      890.000000000000000        41.354609354560843
      892.000000000000000        41.355651732340860
      894.000000000000000        41.356694768140059
      896.000000000000000        41.357738112261131
      898.000000000000000        41.358782293045294
      900.000000000000000        41.359826397477988
